-13.84246 15.42018
-16.44076 15.94097
-16.45794 14.79750
-16.79918 15.00945
-13.78067 14.92331
-11.89861 15.20552
-16.13080 14.24476
-14.60863 15.33972
-17.56290 15.05559
-16.01708 15.69965
-12.44271 15.82475
-15.26024 14.75967
-16.73876 15.66485
-17.71939 14.49376
-11.17550 16.02945
-10.92620 15.51949
-11.82099 15.58200
-13.79330 15.37286
-11.71285 16.13970
-12.75765 14.91279
-13.21164 16.52968
-13.06304 14.92246
-16.10569 13.45817
-14.45868 16.35556
-15.13046 14.19880
-16.07956 16.22631
-14.50099 15.33656
-13.48059 15.72355
-13.86755 15.94630
-16.05177 14.91160
-16.12565 15.34706
-13.21704 16.40005
-11.68861 14.83755
-11.22090 15.39417
-15.96604 15.67776
-15.44516 16.04756
-12.64092 16.42603
-14.24371 14.59194
-17.45831 14.77029
-14.23329 15.69349
-14.15499 15.00915
-18.02210 15.66166
-17.11334 14.31969
-13.70069 14.29136
-12.45696 14.25363
-16.71877 15.65743
-12.65873 14.84195
-16.62416 14.66023
-12.65654 15.56721
-15.00582 15.58185
12.67169 -10.40864
11.44870 -9.27978
13.12292 -10.14207
6.54126 -7.91708
11.93497 -9.33182
8.69264 -8.51417
11.90217 -8.73855
5.17191 -7.31877
11.85869 -9.79483
6.45143 -8.36524
5.26269 -7.57849
9.07217 -8.11704
7.38688 -6.46288
10.96681 -8.15805
6.72135 -6.94487
11.72791 -10.09595
8.77717 -8.83899
7.69680 -7.31427
10.54113 -6.45729
6.79275 -7.44161
12.24461 -7.69154
8.57710 -7.31375
12.12467 -6.98047
10.60128 -8.06948
10.68591 -9.38063
11.48425 -9.85214
12.71616 -9.93086
13.92011 -9.55766
10.21421 -8.26811
6.27710 -6.84290
6.33945 -7.48330
6.14902 -7.29127
7.40578 -7.30902
13.37228 -7.05311
8.31450 -9.10337
11.31542 -8.38219
12.45997 -9.91925
10.25541 -6.59096
7.93469 -8.20072
6.83436 -7.95024
7.48715 -8.60623
10.74869 -8.42368
7.44369 -7.36506
5.22725 -7.31941
7.56715 -8.20125
8.25991 -8.07904
8.19630 -8.11263
10.04861 -8.72542
5.10526 -7.12571
7.80492 -7.86757
18.14350 -9.96490
13.52734 -6.38415
19.06824 -8.60237
16.27147 -7.77924
17.68253 -8.38993
20.47773 -8.17432
7.01282 -9.52739
20.06107 -8.64557
17.46290 -7.38052
19.27348 -7.87121
15.79461 -9.18574
15.46865 -7.96067
17.43004 -8.70333
13.41424 -5.97679
14.07480 -5.87614
16.78272 -9.49334
16.37907 -8.18346
20.27427 -7.46429
20.85242 -8.25440
12.01378 -6.20878
18.33620 -8.86978
13.28346 -6.00576
20.65691 -8.26226
13.48814 -7.80006
18.01250 -8.85408
19.52416 -8.69380
13.00082 -7.75988
12.90156 -7.64231
16.88710 -8.04640
19.53875 -8.97882
19.97290 -8.67040
20.24006 -7.46422
17.03218 -8.14091
13.65340 -8.05945
15.19096 -6.95708
20.10175 -8.16280
17.54198 -9.95247
16.29169 -8.21640
12.57792 -7.57757
17.38475 -8.97154
17.77726 -9.13539
16.65394 -9.49240
13.52743 -6.38416
18.48571 -8.85729
18.13244 -9.42430
16.70620 -9.23776
14.00342 -7.49500
15.90492 -8.81888
17.07248 -10.06060
13.30404 -6.93887
