   2.6968786e+00  -1.1222094e+00
   2.7978316e+00   7.1037014e-01
   1.5545462e+00  -9.2861962e-01
   3.2552381e+00   9.7369182e-01
   3.5422437e+00   1.0922901e+00
   1.1941361e-02   3.0272817e+00
   1.4090455e+00   2.5036967e+00
   8.7379417e-01   2.4197385e+00
   2.3130063e+00   3.0341730e+00
   1.8464402e+00   2.1762158e+00
   1.3497470e+00   2.6963967e+00
   3.1440259e-01   3.1010746e+00
  -1.7299771e-01   7.8011206e-01
   8.8904906e-01   2.9951485e+00
   7.6806228e-01   4.6583208e+00
   1.6003815e+00   4.8127123e+00
   4.0488736e-01   3.8958380e+00
  -5.9117022e-01   2.7690201e+00
  -1.9323062e+00   3.0570347e+00
   5.5948186e-01   1.8907433e+00
  -7.6981053e-01   2.1613955e+00
  -1.5308916e+00   3.6998102e+00
  -8.2420963e-01   3.4250831e+00
  -6.5608902e-01   3.4864429e+00
  -3.4624732e+00   1.3719288e+00
  -1.5192761e+00   2.5649389e+00
  -3.2958531e-01   1.3814632e+00
  -2.2009819e+00   1.5227489e+00
  -1.0052138e+00   1.6857313e+00
  -6.6462493e-01   5.6528316e-01
  -1.4538108e+00   1.4709134e+00
  -3.5676591e+00   1.1173778e+00
  -2.2625254e-01  -6.4653666e-01
  -2.6285496e+00  -7.3995283e-01
  -8.7093204e-01  -5.5651408e-01
  -1.2401104e+00  -1.9215649e+00
  -3.7884984e+00   4.4610723e-01
  -1.3303450e+00  -5.4091474e-01
  -8.9787687e-01  -1.0161340e+00
  -1.6504214e+00  -2.2121074e+00
  -1.6909287e+00  -2.6796137e+00
  -2.4867343e+00  -2.2851359e+00
  -1.3392824e+00  -4.1825206e-01
  -9.6986126e-01  -1.8108819e+00
  -6.6198984e-01  -1.1903839e+00
  -4.7244541e-01  -2.4869790e+00
  -1.3245194e+00  -2.0882698e+00
  -2.4060005e+00  -2.7556838e+00
   3.9591837e-01  -3.1134287e+00
   2.0932020e-01  -2.7764890e+00
   4.0049155e-01  -3.4806698e+00
   1.6712621e+00  -2.6033891e+00
   3.2554647e-01  -4.1778011e+00
   1.7435037e-01  -4.3945251e+00
   2.5873849e-01  -4.1146174e+00
   6.5851750e-01  -2.6452098e+00
   4.0693061e-01  -1.0525920e+00
   2.4217598e+00  -1.1367506e+00
   1.7959978e+00  -1.6140496e+00
   6.9014707e-01  -2.0852125e+00
   3.5560066e-01  -1.7812405e+00
   2.7381906e+00  -2.9087705e+00
   1.4915518e+00  -3.0453778e+00
   2.3966076e+00  -1.0638563e-01
   3.0083962e+00  -2.1093906e+00
   1.2146165e+00  -9.2314749e-01
   1.5708228e+00  -1.0788028e+00
  -5.3306659e-01   3.5987165e-01
   1.7655778e+00   6.9336143e-01
  -9.7354714e+00  -1.4978544e+01
  -1.0309365e+01  -1.0944997e+01
  -8.9869753e+00  -1.1781548e+01
  -9.5515586e+00  -1.0963908e+01
  -9.2056558e+00  -8.9822714e+00
  -1.1109498e+01  -8.5984123e+00
  -1.0068638e+01  -1.1260337e+01
  -1.1192306e+01  -1.0118876e+01
  -1.0355834e+01  -9.6152725e+00
  -9.7908680e+00  -9.4700223e+00
  -1.1777530e+01  -1.0344665e+01
  -1.1657095e+01  -1.0086733e+01
  -1.0697110e+01  -9.0174977e+00
  -1.1441488e+01  -1.0240253e+01
  -1.1707816e+01  -8.5497829e+00
  -1.1684564e+01  -7.6348765e+00
  -1.2549927e+01  -8.7329715e+00
  -1.0758898e+01  -9.8632861e+00
  -1.2145825e+01  -1.0217768e+01
  -1.3199570e+01  -1.0474437e+01
  -1.3379791e+01  -8.7075850e+00
  -1.2858185e+01  -8.5637908e+00
  -1.1758310e+01  -8.8788598e+00
  -1.2172256e+01  -8.6032317e+00
  -1.0744475e+01  -8.7390758e+00
  -1.4738978e+01  -9.3587370e+00
  -1.2714715e+01  -8.8889594e+00
  -1.2689004e+01  -1.0518090e+01
  -1.3590343e+01  -9.8914488e+00
  -1.3501161e+01  -8.4323067e+00
  -1.5406455e+01  -9.8426699e+00
  -1.2686046e+01  -1.1536475e+01
  -1.3432270e+01  -1.1290891e+01
  -1.5001287e+01  -1.1363657e+01
  -1.2323815e+01  -1.2130229e+01
  -1.3372480e+01  -1.3121340e+01
  -1.4913608e+01  -1.3507963e+01
  -1.5402544e+01  -1.3478195e+01
  -1.4827569e+01  -1.3240174e+01
  -1.5516008e+01  -1.3560978e+01
  -1.4576856e+01  -1.4095383e+01
  -1.4033734e+01  -1.2366930e+01
  -1.3622832e+01  -1.3342328e+01
  -1.1920646e+01  -1.3289214e+01
  -1.3252738e+01  -1.3082367e+01
  -1.1017107e+01  -1.4862459e+01
  -1.2253421e+01  -1.5317714e+01
  -1.4196203e+01  -1.5319196e+01
  -1.2859782e+01  -1.6720315e+01
  -1.4216629e+01  -1.4910236e+01
  -1.1844478e+01  -1.4139331e+01
  -1.1831126e+01  -1.5152654e+01
  -1.1559714e+01  -1.2504129e+01
  -9.9334556e+00  -1.5056361e+01
  -1.0317101e+01  -1.5593433e+01
  -1.1204157e+01  -1.4780361e+01
  -1.0618669e+01  -1.6068108e+01
  -1.0589693e+01  -1.4589957e+01
  -1.0723504e+01  -1.5670398e+01
  -1.1291782e+01  -1.6047860e+01
  -1.1486883e+01  -1.5315394e+01
  -1.0967502e+01  -1.3999143e+01
  -9.6458984e+00  -1.5042879e+01
  -1.0088344e+01  -1.2676870e+01
  -9.3217872e+00  -1.5133144e+01
  -9.4660443e+00  -1.3470418e+01
  -8.7461225e+00  -1.2124822e+01
  -1.0420920e+01  -1.2528688e+01
  -9.5212893e+00  -1.4996849e+01
  -1.0622040e+01  -1.2664365e+01
  -1.1144754e+01  -1.4232368e+01
