   5.1662531e+00   3.1866731e-01
   1.3212927e+00   3.8392560e-01
   2.0061757e+00  -1.3239584e+00
   1.1440029e+00   1.6336931e+00
   1.7881537e+00  -2.1763383e-01
   1.1265417e+00   1.6132889e+00
   1.5392696e+00   3.7486435e-01
   1.5301841e+00   3.8405911e+00
  -5.2107301e-01   2.9717741e+00
   2.1952100e+00   3.0948289e+00
   1.2070982e+00   2.3781313e+00
   1.8957359e-01   1.8021463e+00
   4.0749776e-03   2.4414622e+00
  -7.8361381e-01   4.4413312e+00
  -4.9181999e-01   3.5767965e+00
  -2.4272679e-01   1.8382822e+00
  -2.7414168e+00   1.2807247e+00
  -7.9571257e-01   2.2317758e+00
  -5.1534507e-01   1.9315922e+00
  -2.7802402e+00   2.1499729e+00
  -5.1698607e-01   2.0287746e+00
  -1.9385687e+00   1.0243279e+00
  -5.9143086e-01   2.0186808e+00
  -2.3668178e+00  -6.0032418e-01
  -2.8977798e+00   7.0932639e-01
  -3.0925888e+00  -3.8695111e-01
  -2.1066646e+00  -1.0357772e+00
  -2.5616438e+00  -9.7238214e-01
  -2.4103939e+00  -2.4466387e+00
  -1.0160241e+00  -2.3648099e+00
  -5.8299469e-01  -2.1067631e+00
  -1.7658201e+00  -7.5807049e-01
  -1.0137594e+00  -2.7138121e+00
  -1.8986092e+00  -3.0502009e+00
  -4.5164922e-01  -1.8673469e+00
  -5.7002303e-01  -3.3460926e+00
  -3.9325554e-02  -2.2756473e+00
  -5.4724339e-01  -1.5509537e+00
  -2.3869995e-01  -2.0957920e+00
   1.3431065e+00  -2.8902343e+00
   5.3336752e-01  -1.9811591e+00
  -9.5209674e-01  -2.6807411e+00
   1.1407922e+00  -2.1673970e+00
   3.8998828e-01  -3.7217151e+00
  -1.1804424e+00  -1.5085396e+00
   2.6960403e+00  -2.2076861e+00
   4.1319403e+00  -2.0862364e+00
   5.4827138e-01  -1.2500617e+00
   2.0429514e+00  -6.3717364e-02
   2.1052692e+00  -1.1396208e+00
   2.0000000e+00  -7.3478808e-16
   1.2476977e+01  -1.2586693e+01
   1.2627724e+01  -1.0999600e+01
   1.3862319e+01  -1.3301757e+01
   1.4289246e+01  -1.2101419e+01
   1.5215322e+01  -1.0864077e+01
   1.4019560e+01  -1.1450164e+01
   1.4223451e+01  -1.0355800e+01
   1.3812202e+01  -1.0512369e+01
   1.4121398e+01  -1.2418119e+01
   1.3513072e+01  -8.7347667e+00
   1.3014603e+01  -9.0278147e+00
   1.2457369e+01  -9.2766004e+00
   1.2307500e+01  -8.1694843e+00
   1.3192426e+01  -7.8266565e+00
   1.2505566e+01  -9.1738323e+00
   1.2680803e+01  -7.6026900e+00
   9.7943889e+00  -1.0689351e+01
   1.3266753e+01  -7.1064655e+00
   1.1610689e+01  -7.6589840e+00
   1.3802694e+01  -8.8613847e+00
   1.0997147e+01  -9.5917171e+00
   1.1021387e+01  -8.4039094e+00
   1.0937876e+01  -7.2772010e+00
   1.0607454e+01  -1.0165205e+01
   1.1339250e+01  -9.3706374e+00
   1.1115135e+01  -1.1876850e+01
   1.0371980e+01  -1.1812439e+01
   1.0589304e+01  -9.4271070e+00
   1.1479145e+01  -9.6677358e+00
   1.0693751e+01  -9.8873473e+00
   1.0078394e+01  -1.0954776e+01
   1.1096796e+01  -1.0091727e+01
   9.5632236e+00  -1.3246031e+01
   7.7132090e+00  -1.3345773e+01
   8.9999281e+00  -1.1552882e+01
   9.2326907e+00  -1.2362139e+01
   1.0403445e+01  -1.3937459e+01
   9.2260989e+00  -1.3570371e+01
   9.3332661e+00  -1.3522974e+01
   1.0996853e+01  -1.3844686e+01
   1.0993876e+01  -1.3238969e+01
   1.0595821e+01  -1.2832872e+01
   1.2662143e+01  -1.2553754e+01
   9.0685749e+00  -1.3687115e+01
   9.5478864e+00  -1.6404848e+01
   9.7364268e+00  -1.6732564e+01
   9.9772483e+00  -1.3331193e+01
   1.0801030e+01  -1.2116695e+01
   1.1843491e+01  -1.3881480e+01
   1.1486507e+01  -1.5228498e+01
   1.1032095e+01  -1.4826386e+01
   1.0517065e+01  -1.5850066e+01
   1.1115312e+01  -1.4818864e+01
   1.3883401e+01  -1.2791390e+01
   1.0791624e+01  -1.4538730e+01
   1.2068382e+01  -1.5878895e+01
   1.2994857e+01  -1.5157354e+01
   1.3103983e+01  -1.3782146e+01
   1.2269789e+01  -1.4546762e+01
   1.1647034e+01  -1.4600279e+01
   1.4466870e+01  -1.5766785e+01
   1.3986885e+01  -1.5159904e+01
   1.3919429e+01  -1.4029588e+01
   1.3511798e+01  -1.4941104e+01
   1.2953876e+01  -1.3276746e+01
   1.3995330e+01  -1.3012302e+01
   1.3324717e+01  -1.1222694e+01
   1.3797005e+01  -1.3052702e+01
   1.3241353e+01  -1.2075599e+01
   1.5754325e+00   1.2871566e+01
   2.2094142e+00   1.1828253e+01
   1.1146294e+00   1.2953801e+01
   1.7444320e+00   1.2243060e+01
   9.3770816e-01   1.4039128e+01
   2.1083706e+00   1.3514884e+01
   2.2403413e+00   1.3771380e+01
   1.1020202e+00   1.5614882e+01
   4.6007901e-01   1.2555121e+01
  -5.2351329e-01   1.5062487e+01
   3.0184585e-01   1.7649118e+01
  -1.1540242e+00   1.4730466e+01
   4.0250701e-02   1.3626171e+01
   8.1813493e-01   1.5718266e+01
   1.0252226e+00   1.5585300e+01
  -4.3155352e+00   1.3804585e+01
  -6.8820957e-01   1.3783007e+01
  -9.3415241e-01   1.4313822e+01
  -1.9617103e+00   1.4189377e+01
  -1.0737329e+00   1.4969380e+01
  -2.6259959e+00   1.2928228e+01
  -2.5684021e+00   1.3995946e+01
  -3.5922480e-01   1.3832178e+01
  -6.4187596e-01   1.2640854e+01
  -2.8017058e+00   1.2679748e+01
  -2.5650988e-01   1.2114481e+01
  -1.0026402e+00   9.6800450e+00
  -1.2767031e+00   1.0698028e+01
  -1.1787222e+00   1.1776784e+01
  -2.2261191e+00   1.1679651e+01
  -2.3576071e+00   9.9195113e+00
  -9.1056723e-01   1.0686763e+01
  -1.3231463e+00   8.4660496e+00
   6.5124725e-01   9.5910043e+00
  -2.4313160e+00   9.4221449e+00
  -1.9616392e+00   9.8165814e+00
   1.3871666e+00   8.8172221e+00
  -6.4734097e-01   1.0252595e+01
   6.9347908e-03   8.2837506e+00
  -4.9640368e-01   7.7607134e+00
   1.2757792e+00   9.0701775e+00
   2.0060073e+00   9.5632460e+00
   1.2045271e+00   8.1572141e+00
   8.1124277e-01   1.0278145e+01
   1.3039057e+00   1.1775047e+01
   1.6328546e-02   1.0670752e+01
   2.0464272e+00   1.0501185e+01
   2.0948926e+00   1.3269689e+01
   2.0000000e+00   1.2000000e+01
