   1.6491185e+00  -1.4190805e+00
   2.7261832e+00  -1.0804277e+00
   1.1347915e+00   1.6739868e+00
   2.8076497e+00  -3.7997049e-01
   2.9885352e+00  -1.5878982e-01
   2.0623226e+00   2.4581018e+00
   4.1943297e+00   3.0291777e-01
   1.8846280e+00   1.9061861e+00
   2.4962646e+00   7.5357816e-01
   1.6500832e+00   3.2034517e-01
  -4.4488953e-01   1.0635583e+00
   5.9355491e-01   1.1059651e+00
   4.2209128e+00   1.4791471e+00
   3.2202562e+00   4.4336655e-01
   2.9414151e+00  -1.3439565e-02
   1.3381078e+00   2.0541092e+00
   2.1874896e+00   1.7391810e+00
   4.3176634e-01   7.4258560e-01
   7.3577989e-01   1.0344752e+00
   8.2024054e-01   1.1928943e+00
   2.5803186e+00   2.4993502e+00
   1.5583151e+00   1.4725558e+00
   1.4860098e+00   2.7126019e+00
   2.0537798e-01   1.2742739e+00
  -8.6328189e-01   3.4057770e+00
  -1.2148326e-02   2.6448141e+00
   1.0097030e+00   2.7498270e+00
   2.1335404e-01   2.4881297e+00
   4.6811644e-01   4.1151604e+00
  -4.5903947e-01   2.6059338e+00
   1.6844362e+00   3.2742376e+00
  -5.5036972e-01   3.6826392e+00
  -2.2451342e+00   2.4281469e+00
   1.9425097e+00   3.4453225e+00
   1.0837744e+00   2.8748639e+00
  -1.7115948e-01   3.6794820e+00
   2.4426407e+00   2.7256811e+00
   1.4789055e+00   2.4600395e+00
  -4.7195667e-01   3.6500773e+00
  -1.0276336e+00   3.9363558e+00
  -1.8923234e+00   5.6281731e-01
  -4.5108712e-01   3.2966989e+00
   9.0064093e-01   3.0665301e+00
   4.9772741e-01   3.1612970e+00
   1.4165689e-01   1.9207175e+00
  -6.9444106e-01   2.2553797e+00
  -9.3413339e-01   5.1084962e+00
  -2.1791873e+00   2.7997666e+00
  -1.1724592e+00   3.0938639e+00
   8.6608682e-01   3.5709254e+00
  -1.6569138e+00   1.1643098e+00
  -2.2366045e-01   1.5408659e+00
  -1.8566901e+00   2.9287977e+00
  -2.7316465e+00   3.9458371e+00
  -1.1720267e+00   2.0774504e+00
  -5.3043649e-01   3.0356476e+00
  -1.6484976e+00   3.2457510e+00
  -1.0906260e+00   3.1536440e+00
  -1.2505153e+00   1.7691690e+00
   1.8135887e-01   1.0802373e+00
  -9.8494940e-01   3.7857453e+00
  -2.0791907e+00   2.2948106e+00
  -1.3911756e+00   1.2058354e+00
  -1.7561676e+00   2.0630458e+00
   5.3705603e-01   2.2203335e+00
  -2.0711764e+00  -7.5291209e-01
  -1.6104929e+00   1.3653512e+00
  -2.6802334e+00   1.9959332e+00
  -1.5237663e+00   1.4539957e+00
  -2.4233530e+00   6.2215280e-02
  -2.4237200e+00  -4.8684550e-01
  -2.4945330e+00   1.2271486e+00
  -4.2395762e+00  -1.3959727e+00
  -1.9663958e+00   5.7952655e-01
  -2.9470755e+00   6.6206913e-01
  -7.4097808e-01   6.8374282e-01
  -3.5616403e+00  -8.5619064e-01
  -2.8467964e+00  -5.8978630e-01
  -2.6555140e+00  -1.2176143e+00
  -6.2078683e-02  -8.3327545e-01
  -2.1087217e+00  -3.3737281e-01
  -3.6693883e+00  -1.8877027e+00
  -1.4447742e+00  -5.1570574e-01
  -3.0497711e+00   1.3905809e-01
  -1.9262920e+00  -9.6268301e-01
  -1.7178073e+00  -1.7701824e+00
  -3.6227046e+00  -1.4647825e+00
  -3.3175844e+00  -1.6099277e+00
  -1.5033821e+00  -1.3561188e+00
  -3.0521144e+00  -1.2935747e+00
  -2.8285001e+00  -1.5116833e+00
  -9.6418559e-01  -2.6503746e-01
  -3.5647943e+00  -1.1309996e+00
  -1.6200924e+00  -2.1289515e+00
  -1.9617308e+00  -1.9092633e+00
  -1.5968798e+00  -2.8481979e+00
  -1.8134537e+00  -1.6952578e+00
  -7.1757117e-01  -1.2889699e+00
  -7.7848251e-01  -2.6093417e+00
  -2.2100252e+00  -2.2181999e+00
  -1.3065851e+00  -2.3765609e+00
  -5.2012442e-02  -3.1514582e+00
  -1.3338190e+00  -2.9736746e+00
  -5.6243488e-01  -7.2865235e-01
  -1.5700389e+00  -1.4719191e+00
  -8.3346640e-01  -1.9552733e+00
  -4.7813288e-01  -3.4236995e+00
  -7.1590142e-01  -1.9618627e+00
   8.9202296e-01  -1.9858401e+00
  -8.5592743e-01  -4.2566409e+00
   1.9181076e-01  -2.4555854e+00
  -2.6381318e+00  -2.9698492e+00
   2.0536753e+00  -3.1877786e+00
  -6.0230729e-01  -4.0071086e+00
  -1.6853787e+00  -3.4835202e+00
   5.1048577e-01  -3.9674729e+00
   5.4563223e-01  -2.1798486e+00
  -2.1853330e-01  -2.4546580e+00
   1.0221864e+00  -2.9635422e+00
   2.4942882e+00  -4.1616899e+00
   8.9310006e-01  -3.7799137e+00
  -2.4617716e-02  -2.3708721e+00
   1.8679257e+00  -2.5954864e+00
   2.1564084e+00  -3.6446125e+00
   1.2647502e+00  -3.1895047e+00
   2.4264322e-01  -5.2296362e+00
   1.8318357e+00  -6.5813352e-01
   1.6410677e+00  -1.0871246e+00
   1.2681787e+00  -3.6200093e+00
   4.0237626e-01  -3.1142056e+00
   2.4406374e+00  -2.7097959e+00
   1.4907690e+00  -3.4765666e+00
   1.2748723e+00  -3.6795081e+00
   8.1156657e-01  -1.2007696e+00
   3.2770404e+00  -1.3780022e+00
   1.7152722e+00  -6.9009461e-01
   2.3938619e+00  -4.1090454e+00
  -8.0838106e-02  -2.3874367e+00
   8.7900488e-01  -3.0454917e+00
   1.1131699e+00  -2.2650820e+00
   2.9273125e+00  -1.8301853e+00
   5.8353673e-01  -1.5206399e+00
   1.2037853e+00  -7.2443940e-01
   1.6833533e+00  -2.3526123e+00
   2.5174895e+00  -1.1100210e+00
   1.3562652e+00  -1.4755312e+00
   2.7658801e+00  -6.0923608e-01
   4.3141635e-01   1.7947947e+00
   1.6512896e+00   2.0024324e-02
   2.3530728e+00  -1.4321527e+00
   2.0000000e+00  -7.3478808e-16
  -8.7788575e+00   1.2251117e+01
  -9.8589134e+00   1.3502588e+01
  -9.8511662e+00   1.0581220e+01
  -1.0039123e+01   1.3621277e+01
  -8.8283073e+00   1.2868572e+01
  -1.1757319e+01   1.3848400e+01
  -1.0149106e+01   1.3089982e+01
  -8.8432234e+00   1.3444673e+01
  -1.3884296e+01   1.1519331e+01
  -1.1032399e+01   1.2029889e+01
  -1.0097843e+01   1.3607866e+01
  -1.0995825e+01   1.4756350e+01
  -1.1146556e+01   1.3368212e+01
  -1.1085826e+01   1.2939855e+01
  -1.0427867e+01   1.2559961e+01
  -1.0862606e+01   1.4897225e+01
  -9.8082860e+00   1.2228301e+01
  -1.0290536e+01   1.3818290e+01
  -1.0325252e+01   1.4544446e+01
  -1.1173544e+01   1.4448974e+01
  -1.0334170e+01   1.5271958e+01
  -1.1779085e+01   1.3295687e+01
  -1.1538264e+01   1.5713411e+01
  -1.0868476e+01   1.5150873e+01
  -1.1747923e+01   1.4047597e+01
  -9.3242413e+00   1.4757253e+01
  -1.1531942e+01   1.4630535e+01
  -1.1527688e+01   1.4619080e+01
  -1.2741361e+01   1.5458348e+01
  -1.0357875e+01   1.5169477e+01
  -1.2642851e+01   1.5052578e+01
  -1.0979697e+01   1.6783143e+01
  -1.3506542e+01   1.5110159e+01
  -1.2635621e+01   1.5529210e+01
  -1.2133939e+01   1.4376777e+01
  -1.4209785e+01   1.3724415e+01
  -1.3107705e+01   1.4630529e+01
  -1.1422983e+01   1.4267846e+01
  -1.2322577e+01   1.5719080e+01
  -1.2557049e+01   1.4841671e+01
  -1.3491336e+01   1.5534733e+01
  -1.1341987e+01   1.5098578e+01
  -1.2750614e+01   1.4781303e+01
  -1.2108498e+01   1.4131393e+01
  -1.3736405e+01   1.4904191e+01
  -1.3609226e+01   1.5168098e+01
  -1.4841803e+01   1.5500744e+01
  -1.4180205e+01   1.4305450e+01
  -1.3985396e+01   1.4667688e+01
  -1.4999048e+01   1.2769024e+01
  -1.2009147e+01   1.2738416e+01
  -1.4395650e+01   1.3649209e+01
  -1.4547398e+01   1.3602613e+01
  -1.2619683e+01   1.3389866e+01
  -1.2111729e+01   1.1733327e+01
  -1.4160147e+01   1.2167874e+01
  -1.3539778e+01   1.1636421e+01
  -1.5695749e+01   1.2358424e+01
  -1.5774097e+01   1.1705790e+01
  -1.4524239e+01   1.0783891e+01
  -1.3425819e+01   1.2609117e+01
  -1.4624582e+01   1.0759608e+01
  -1.4275296e+01   1.1832150e+01
  -1.6170380e+01   1.3155470e+01
  -1.3554209e+01   9.9429491e+00
  -1.1998857e+01   1.1392170e+01
  -1.5432451e+01   1.0470060e+01
  -1.3673447e+01   9.8082478e+00
  -1.4381823e+01   1.1000405e+01
  -1.4300474e+01   1.1161751e+01
  -1.4549929e+01   1.0566416e+01
  -1.3604882e+01   8.4587306e+00
  -1.5666900e+01   9.4770157e+00
  -1.3617435e+01   1.0615903e+01
  -1.4372648e+01   1.1598629e+01
  -1.2448547e+01   9.9865756e+00
  -1.0191980e+01   9.6805726e+00
  -1.2466193e+01   9.8700777e+00
  -1.5102786e+01   1.1705456e+01
  -1.4366296e+01   9.7974568e+00
  -1.1303397e+01   1.0270404e+01
  -1.2771540e+01   9.3922898e+00
  -1.2812726e+01   1.1344235e+01
  -1.3431564e+01   9.1554211e+00
  -1.3336366e+01   8.8945370e+00
  -1.2961193e+01   9.8620007e+00
  -1.2606401e+01   8.4260234e+00
  -1.0946765e+01   8.2680125e+00
  -1.2831742e+01   9.1758660e+00
  -1.4084802e+01   8.0523285e+00
  -1.3596517e+01   6.3702981e+00
  -1.0069337e+01   8.2850386e+00
  -1.1261239e+01   9.0210446e+00
  -1.2994138e+01   8.9596102e+00
  -1.1493957e+01   7.8610369e+00
  -1.0599559e+01   1.0212231e+01
  -1.1794521e+01   9.6489424e+00
  -1.2816004e+01   9.6332840e+00
  -1.1627005e+01   1.0704287e+01
  -1.2358347e+01   1.1149091e+01
  -1.1285305e+01   9.6322514e+00
  -9.7617590e+00   1.0346077e+01
  -1.1995075e+01   8.3913470e+00
  -1.1944218e+01   1.0451710e+01
  -1.1077770e+01   9.0093564e+00
  -1.0774947e+01   1.0573478e+01
  -1.0934678e+01   9.9369550e+00
  -1.3012660e+01   9.0561418e+00
  -1.1688651e+01   9.1864656e+00
  -1.1312382e+01   9.5109935e+00
  -1.0973812e+01   1.0703628e+01
  -8.9823655e+00   8.6286490e+00
  -8.6056286e+00   1.1569246e+01
  -1.0209069e+01   1.1993207e+01
  -1.0006523e+01   9.5238398e+00
  -9.0765502e+00   1.2911286e+01
  -1.0936331e+01   9.8154751e+00
  -8.9861694e+00   1.0934133e+01
  -1.1455554e+01   1.2338227e+01
  -1.0217921e+01   1.0452836e+01
  -1.0622513e+01   1.0898440e+01
  -9.0856353e+00   1.0389989e+01
  -9.5410375e+00   1.2700906e+01
  -1.0862410e+01   1.2182439e+01
  -1.0000000e+01   1.2000000e+01
