   2.3735506e+00  -8.6447642e-01
   1.9410029e+00   1.1187726e+00
   1.2206486e+00  -8.5969811e-01
   1.2659077e+00   1.4165850e+00
   1.6626007e+00   9.6894075e-01
   1.5727850e-01   1.5441972e-01
   1.1600725e+00  -1.6155671e-01
   2.9836226e+00   2.3172323e+00
   1.8539678e-01   1.6951297e+00
   7.2310323e-01   1.4417347e+00
   1.6637128e+00   3.4729109e+00
   1.9114629e+00   1.2558189e+00
   2.2893203e+00   2.9296422e+00
   1.5074022e+00   4.4291373e+00
   1.1080813e+00   1.8524933e+00
   1.7217640e+00   1.1247482e+00
   6.6012957e-01   1.9929061e+00
   2.3299773e+00   3.3357692e+00
   1.4591288e+00   3.6342966e+00
   1.6356424e+00   2.8220468e+00
  -7.9782298e-01   1.1723093e+00
   5.3516096e-01   4.5692119e+00
   1.2057623e+00   3.9945164e+00
   2.0444841e+00   2.4912223e+00
  -5.0804811e-01   4.0959805e+00
  -7.1702117e-01   5.2000215e+00
   7.6503580e-01   2.3586484e+00
  -6.2416918e-01   3.4982205e+00
   3.3813680e-01   4.1152680e+00
  -1.5741155e-01   1.8910197e+00
  -5.2488845e-01   1.3169642e+00
  -1.6003145e-01   3.3613916e+00
  -7.0487851e-01   1.7887577e+00
   3.0963323e-01   3.6168409e+00
  -1.7835154e+00   1.1986807e+00
  -1.7133384e-01   3.0355617e+00
  -1.2389236e+00   2.5668898e+00
  -6.7193202e-01   1.7557265e+00
   9.5975912e-02   2.4002921e+00
  -2.3075116e+00   1.4188198e+00
  -1.1349732e-01   1.1134990e+00
  -2.7491427e+00   2.7622072e+00
  -1.4333564e+00   3.6487895e+00
  -2.0775609e+00   1.9153926e+00
  -1.8789221e+00   1.5366289e+00
  -3.4918542e+00   1.1767015e+00
  -1.1740571e+00   7.4033740e-01
  -2.3242643e+00   5.8804841e-01
  -4.0734864e+00   1.6178680e+00
  -1.6539108e+00   7.3896433e-01
  -1.3452993e+00   2.8681120e-01
  -5.7769586e-01  -1.3073034e+00
  -2.0589171e+00   7.0811978e-01
  -1.9791241e+00   8.0781598e-02
  -3.5570356e+00  -3.9732213e-01
  -8.1869954e-01  -3.1671708e+00
  -2.0951973e+00  -2.3575449e+00
  -2.8398502e+00  -6.8450218e-01
  -6.6236078e-01  -1.6547224e+00
  -2.2078771e+00   1.9476570e-01
  -1.7041591e+00  -1.3827453e+00
  -1.8889520e+00  -1.4049423e+00
  -2.6801048e+00  -2.0320770e+00
  -2.2548025e+00  -2.3785287e+00
  -5.8533343e-01  -3.5220773e-01
  -1.6276119e+00  -1.8937964e+00
  -1.5287090e+00  -2.4435376e+00
   1.8190788e+00  -2.4475909e+00
  -1.4485037e+00  -1.7122568e+00
   1.8856299e-01  -4.3110089e+00
  -1.2581193e+00  -3.3011848e+00
  -7.5104646e-01  -2.8008402e+00
  -9.3512438e-01  -2.5134202e+00
   2.2008988e-01  -3.8189146e+00
   2.5033797e-01  -4.1159367e+00
   8.2488959e-01  -3.2138468e+00
   8.4560626e-01  -3.9875484e+00
   1.0325313e+00  -3.2526113e+00
   3.0212134e-01  -3.2185855e+00
   1.1686207e+00  -1.1030297e+00
   1.5141325e+00  -2.8237196e+00
  -1.1327112e-02  -2.7052822e+00
  -1.4606101e-01  -2.8018383e+00
   1.9055803e+00  -2.7164185e+00
   2.2644296e+00  -3.0311520e+00
   1.6131168e+00  -2.0970068e+00
  -1.2529388e-01  -2.8334208e+00
   2.3740126e+00  -3.3246953e+00
   1.3046893e+00  -3.0278907e+00
   5.6152530e-01  -2.8337241e+00
   2.4411724e+00  -1.7567907e+00
   2.0627886e+00  -2.1626756e+00
   1.6279749e+00  -6.0828677e-01
   5.2217790e-01  -2.0358506e+00
   2.8801301e+00   5.9005373e-01
   1.0389248e+00  -4.8777041e-01
   6.9028828e-01  -8.8367890e-02
   2.0977023e+00  -1.5759340e+00
   2.4931960e+00   8.8850132e-01
   1.8384484e+00  -1.0870028e+00
   2.0000000e+00  -7.3478808e-16
  -1.1117966e+01  -1.3241883e+01
  -9.6031667e+00  -1.1539809e+01
  -1.0790062e+01  -1.1004572e+01
  -1.1080166e+01  -1.0151027e+01
  -1.2153632e+01  -1.1792541e+01
  -9.2871091e+00  -1.1387648e+01
  -1.0009046e+01  -1.1790573e+01
  -8.1137062e+00  -1.1625683e+01
  -9.4049289e+00  -9.8387394e+00
  -1.0469727e+01  -9.4875398e+00
  -9.7161305e+00  -1.2311903e+01
  -1.0664375e+01  -1.0859137e+01
  -9.5911648e+00  -9.8931233e+00
  -9.5708850e+00  -1.1946999e+01
  -1.1835372e+01  -9.0510909e+00
  -9.5305857e+00  -9.8836212e+00
  -8.8549247e+00  -8.3508245e+00
  -1.1223086e+01  -1.0060761e+01
  -1.0071911e+01  -9.8902667e+00
  -1.0354790e+01  -9.7276722e+00
  -9.5279800e+00  -1.2585116e+01
  -1.0679646e+01  -1.0004901e+01
  -1.1203813e+01  -9.5321757e+00
  -1.0264305e+01  -9.8866121e+00
  -1.0845737e+01  -1.1180966e+01
  -1.2045359e+01  -9.8377405e+00
  -1.1170381e+01  -1.0468901e+01
  -1.2251198e+01  -8.7307151e+00
  -1.1007786e+01  -7.9127454e+00
  -1.0670328e+01  -1.0405698e+01
  -1.3509364e+01  -9.0557146e+00
  -1.1593806e+01  -8.5998312e+00
  -1.0529593e+01  -9.3186291e+00
  -1.1372582e+01  -9.8085320e+00
  -1.0398656e+01  -9.0087428e+00
  -1.2211767e+01  -9.4963027e+00
  -9.9406538e+00  -8.5139148e+00
  -1.1418627e+01  -8.6727998e+00
  -1.1465138e+01  -8.5301786e+00
  -1.1993624e+01  -7.2884094e+00
  -1.2319961e+01  -9.8458711e+00
  -1.2573684e+01  -7.8267620e+00
  -1.1459553e+01  -7.8499114e+00
  -1.2534975e+01  -8.8879127e+00
  -1.4214361e+01  -8.1150313e+00
  -1.2586119e+01  -9.0311360e+00
  -1.1542940e+01  -9.3918183e+00
  -1.2202495e+01  -9.8722385e+00
  -1.3241049e+01  -8.6532888e+00
  -1.2995705e+01  -1.0805712e+01
  -1.3395250e+01  -6.3801395e+00
  -1.2436619e+01  -9.1285336e+00
  -1.3409015e+01  -1.1221375e+01
  -1.2933333e+01  -1.2543393e+01
  -1.4059511e+01  -1.0986171e+01
  -1.3414778e+01  -8.5280545e+00
  -1.2748941e+01  -1.0119851e+01
  -1.4952783e+01  -1.0287636e+01
  -1.4571027e+01  -9.4069108e+00
  -1.4028026e+01  -8.5050829e+00
  -1.3614398e+01  -1.1529492e+01
  -1.3469974e+01  -9.3852962e+00
  -1.4094824e+01  -9.5800348e+00
  -1.3306664e+01  -9.9113584e+00
  -1.4016930e+01  -1.0524247e+01
  -1.3866318e+01  -1.0628479e+01
  -1.5226646e+01  -1.0624096e+01
  -1.4997338e+01  -1.0585976e+01
  -1.5006404e+01  -9.4613350e+00
  -1.3049057e+01  -1.1475378e+01
  -1.1832460e+01  -9.9106389e+00
  -1.3067639e+01  -1.3238098e+01
  -1.5207638e+01  -1.1984334e+01
  -1.4287275e+01  -1.2711474e+01
  -1.3319020e+01  -1.2041478e+01
  -1.4150790e+01  -1.2186936e+01
  -1.4081774e+01  -1.0386420e+01
  -1.5828849e+01  -1.2840667e+01
  -1.4470915e+01  -1.1445260e+01
  -1.5021463e+01  -1.2645579e+01
  -1.3290031e+01  -1.3469334e+01
  -1.2937809e+01  -1.2019431e+01
  -1.3404188e+01  -1.2496123e+01
  -1.4957033e+01  -1.4199605e+01
  -1.3788503e+01  -1.2002390e+01
  -1.3196834e+01  -1.2920698e+01
  -1.2248936e+01  -1.2764976e+01
  -1.4273018e+01  -1.2958592e+01
  -1.4455929e+01  -1.2488369e+01
  -1.2250148e+01  -1.2245992e+01
  -1.3522650e+01  -1.4754973e+01
  -1.4368722e+01  -1.3096956e+01
  -1.3766980e+01  -1.2220962e+01
  -1.2985112e+01  -1.5137888e+01
  -1.2965910e+01  -1.3133617e+01
  -1.1798510e+01  -1.3812010e+01
  -1.3234006e+01  -1.5564777e+01
  -1.3902744e+01  -1.5571722e+01
  -1.3533414e+01  -1.4943083e+01
  -1.4614322e+01  -1.4250017e+01
  -1.4105591e+01  -1.3056034e+01
  -1.0974101e+01  -1.4245666e+01
  -1.2853869e+01  -1.6427297e+01
  -1.1571538e+01  -1.5159396e+01
  -1.2609101e+01  -1.4799374e+01
  -1.2585884e+01  -1.4742760e+01
  -1.2726693e+01  -1.5774408e+01
  -1.2651238e+01  -1.6248308e+01
  -1.2817776e+01  -1.4622459e+01
  -1.2911782e+01  -1.4519890e+01
  -1.1671440e+01  -1.6475553e+01
  -1.3933992e+01  -1.5532601e+01
  -1.1971844e+01  -1.4593669e+01
  -1.2676163e+01  -1.4381046e+01
  -1.0162301e+01  -1.6057176e+01
  -1.3007018e+01  -1.6820268e+01
  -1.1946921e+01  -1.4202773e+01
  -1.2371501e+01  -1.3909951e+01
  -1.2151029e+01  -1.4753863e+01
  -1.0825183e+01  -1.4402359e+01
  -1.1443242e+01  -1.3551650e+01
  -1.2593236e+01  -1.5425899e+01
  -1.1303748e+01  -1.5296414e+01
  -1.2085225e+01  -1.4192443e+01
  -1.1951200e+01  -1.4486493e+01
  -1.1550035e+01  -1.5281412e+01
  -1.0833536e+01  -1.4513950e+01
  -1.3189774e+01  -1.5098995e+01
  -1.2221228e+01  -1.4598456e+01
  -1.1788019e+01  -1.4670527e+01
  -9.7464220e+00  -1.2896323e+01
  -1.0132522e+01  -1.6133690e+01
  -9.3966718e+00  -1.3393880e+01
  -1.0545077e+01  -1.1967856e+01
  -1.1196061e+01  -1.2530132e+01
  -1.1780254e+01  -1.4642764e+01
  -1.1787106e+01  -1.3600993e+01
  -1.0193653e+01  -1.4729391e+01
  -1.1909950e+01  -1.6686982e+01
  -1.1404411e+01  -1.5331865e+01
  -9.7400310e+00  -1.2724799e+01
  -1.2356195e+01  -1.5451582e+01
  -1.0788568e+01  -1.2656060e+01
  -9.0147509e+00  -1.2029527e+01
  -1.0625478e+01  -1.4051783e+01
  -1.1226855e+01  -1.2735148e+01
  -9.3952422e+00  -1.4706045e+01
  -1.0269794e+01  -1.3595122e+01
  -9.5007686e+00  -1.1806115e+01
  -8.8794515e+00  -1.2347162e+01
  -1.0476834e+01  -1.3195603e+01
  -1.1214754e+01  -1.1435729e+01
  -1.0924257e+01  -1.4428575e+01
  -1.0841594e+01  -1.0910554e+01
  -9.7536539e+00  -1.2608158e+01
  -9.7973241e+00  -1.1732359e+01
  -1.0000000e+01  -1.2000000e+01
   1.8197179e+00   1.4284423e+01
   3.0396051e+00   9.9315534e+00
   9.7442121e-01   1.2776899e+01
   2.3316007e+00   1.2910452e+01
   1.6629742e+00   1.3233837e+01
   2.3505679e-01   1.6023025e+01
   1.1689836e+00   1.6517166e+01
   2.6314163e-01   1.4193725e+01
  -3.8871118e-01   1.3808052e+01
   1.5717970e+00   1.5582548e+01
  -4.6856022e-01   1.5088213e+01
  -3.0391022e-01   1.5820652e+01
  -9.0580951e-01   1.6548782e+01
  -1.9572634e+00   1.5227998e+01
  -2.1827839e+00   1.4101129e+01
  -1.9957387e+00   1.6212473e+01
  -1.3158816e+00   1.4776730e+01
  -2.8070144e+00   1.3232433e+01
  -1.2038448e+00   1.3790146e+01
  -1.0482074e+00   1.4715862e+01
  -2.7538117e+00   1.2224679e+01
  -1.4697368e+00   1.2688575e+01
  -1.9684732e+00   1.1522936e+01
  -2.9485856e+00   1.2446796e+01
  -4.2122544e-01   1.1244984e+01
  -8.1766468e-01   1.2560322e+01
  -7.6242441e-01   1.2321213e+01
  -1.3500582e+00   8.8270054e+00
  -2.3751914e+00   9.9521765e+00
  -2.8170555e+00   9.2832873e+00
   1.2133620e-01   8.7686174e+00
  -7.1715024e-01   9.6176278e+00
   1.1754875e+00   8.9213940e+00
   2.3844890e-01   7.8313994e+00
  -1.0136266e+00   9.3335433e+00
   6.6083764e-01   8.5348260e+00
   6.8164613e-01   8.3900157e+00
   1.2440083e+00   8.4708697e+00
   1.1714292e+00   9.6887572e+00
   2.5862417e+00   8.4396366e+00
   1.5788650e+00   8.0810851e+00
   1.6782557e+00   1.0891047e+01
   6.4165610e-01   1.0236104e+01
   3.0630400e+00   1.2460586e+01
   1.9278837e+00   1.2676436e+01
   1.8228191e+00   1.0717565e+01
   1.8961592e+00   1.0257399e+01
