   1.3787764e+00   1.3784282e+00
   2.2186084e+00   2.2325136e+00
   2.4293632e+00   7.2963641e-01
   1.7408416e+00  -3.2939681e-01
   2.1066376e+00   3.6993070e-01
   3.4485962e-01   1.4419879e+00
   1.6945620e+00   1.3663717e+00
   1.2892582e+00   1.9627341e+00
   1.1540758e+00   1.8010471e+00
   2.3568474e+00   1.4821297e+00
   6.9766545e-01   2.0019958e+00
   2.6182196e+00  -2.6576592e-01
   1.5719422e+00   2.1947787e+00
   1.7190476e+00   1.8082299e+00
   1.6130292e+00   1.7574513e+00
   1.4308677e+00   3.5751897e+00
   9.8088442e-01   1.4537621e+00
   8.6013595e-01   3.0630160e+00
   5.8133424e-01   4.3757614e+00
   2.9507977e-01   2.3642520e+00
   2.2476998e+00   3.1518101e+00
   1.0326891e+00   4.2393846e+00
  -2.8042156e-01   2.7611611e+00
   1.1201578e+00   2.1796842e+00
   3.6444265e-01   1.8306668e+00
   5.0931699e-01   5.2356590e+00
  -2.8811869e-01   2.5918134e+00
   1.4104189e+00   2.0383394e+00
  -7.5135463e-01   2.9140714e+00
   1.0961528e-01   1.8167067e+00
  -1.5858104e+00   3.1576101e+00
  -9.2539046e-01   1.1133229e+00
  -2.5751578e+00   9.8235612e-01
  -9.4369763e-01   3.0820531e+00
  -4.0458512e-01   1.4709961e+00
  -3.1864099e+00   3.0192824e+00
  -1.3590532e+00   2.2937930e+00
  -1.7751893e+00   1.8753420e+00
   4.4381767e-01   1.8997916e+00
  -1.0302381e+00  -2.5902578e-01
  -3.1053754e+00   9.8165217e-01
  -1.5418631e+00   1.9691387e+00
   7.5717248e-01  -3.1207249e-01
  -3.5378006e+00   9.9615685e-01
  -2.7289776e+00   6.5788553e-02
  -9.4921913e-01   5.0037283e-01
  -1.4686447e+00   9.4951494e-01
  -3.5652293e+00   1.3280052e+00
  -2.2405352e+00  -2.8615535e-01
  -2.1492401e+00   5.8171651e-01
  -8.9504142e-01   1.0208969e-01
  -3.7207325e+00   6.4595514e-01
  -2.5307072e+00   1.4692053e+00
  -1.3545406e+00   9.2002843e-02
  -2.2781930e+00  -1.5893198e+00
  -2.6320131e+00  -2.2236650e+00
  -2.6832304e+00   7.7553528e-02
  -2.4079134e+00  -1.3369096e+00
  -1.9522794e-01  -1.9439710e+00
  -1.8901031e+00  -9.1614305e-01
  -1.4186233e+00  -1.3007540e+00
  -1.9193856e+00  -2.0891658e+00
   1.6196341e-01  -3.2149880e-02
  -1.4034532e+00  -2.9609689e+00
  -1.3656758e+00  -2.8889639e+00
  -1.8941223e+00  -4.4014304e+00
  -2.6217464e+00  -2.5623592e+00
  -1.6105993e+00  -1.3066370e+00
  -2.7027645e+00  -3.6431714e+00
  -2.3348988e-01  -2.3203253e+00
  -1.0582459e+00  -3.8566007e+00
  -2.8686258e+00  -3.3815745e+00
   9.4778226e-02  -3.0678285e+00
  -1.6198617e+00  -2.0205879e+00
   6.1138425e-01  -3.1844459e+00
   8.2204235e-02  -2.9263501e+00
   3.0396198e-01  -2.2222378e+00
  -1.0965537e-01  -1.3873529e+00
  -7.6997905e-01  -3.2688132e+00
  -3.0349462e-01  -3.5714919e+00
  -1.0339018e+00  -1.6874325e+00
   8.1253085e-01  -2.9162482e+00
   9.4777390e-01  -3.4252367e+00
   5.9355372e-01  -1.7315463e+00
   1.0050860e+00  -2.0219617e+00
   1.8309359e+00  -1.3988908e+00
   7.3987575e-01  -3.0567998e+00
   1.7485405e+00  -3.1297359e+00
   2.6335317e+00  -3.1269794e+00
   2.6326415e+00  -2.8582284e-01
   3.2953767e-01  -5.8124211e-01
   2.2076409e+00  -1.4918228e+00
   1.5146483e+00  -1.6309627e+00
   2.6925732e+00  -1.9240392e+00
   1.2497570e+00   1.9859399e+00
   3.4936089e+00   1.6020409e-01
   2.8951746e+00  -7.7144337e-01
   2.2502429e-01  -7.5317204e-01
   2.7456677e+00   2.9555695e-01
   3.6004881e+00   1.0337918e+00
   2.0000000e+00  -7.3478808e-16
  -9.5461729e+00  -1.2551727e+01
  -1.0286465e+01  -1.1304700e+01
  -1.0486167e+01  -1.2076092e+01
  -8.5796817e+00  -1.1582532e+01
  -1.1641644e+01  -1.3461010e+01
  -9.8489227e+00  -1.1569602e+01
  -1.0532476e+01  -1.1055895e+01
  -1.0145837e+01  -1.1765223e+01
  -1.0263322e+01  -1.2776383e+01
  -1.1233440e+01  -1.0814868e+01
  -1.0090218e+01  -9.9888647e+00
  -9.1750830e+00  -8.4369058e+00
  -1.0077022e+01  -1.0805488e+01
  -1.0074473e+01  -8.5935727e+00
  -9.5705124e+00  -9.6193065e+00
  -1.2250335e+01  -1.0894663e+01
  -1.1261375e+01  -8.9785724e+00
  -1.1589407e+01  -1.0970753e+01
  -9.7875334e+00  -9.7670716e+00
  -1.0220055e+01  -8.8001792e+00
  -1.2640548e+01  -9.1153936e+00
  -1.0778808e+01  -9.8002546e+00
  -1.2266451e+01  -8.7491290e+00
  -1.2731064e+01  -9.7171947e+00
  -1.0489655e+01  -9.3566267e+00
  -1.1483752e+01  -9.4902354e+00
  -1.3605252e+01  -9.4798655e+00
  -1.2746071e+01  -8.8117169e+00
  -1.2809830e+01  -8.0251120e+00
  -1.4483673e+01  -8.6804650e+00
  -1.3079548e+01  -8.1499258e+00
  -1.2596465e+01  -7.5386822e+00
  -1.3188088e+01  -9.5547948e+00
  -1.2416223e+01  -8.2610255e+00
  -1.4207935e+01  -1.2051970e+01
  -1.3295144e+01  -9.2502833e+00
  -1.1682083e+01  -9.8666455e+00
  -1.3209422e+01  -9.0513119e+00
  -1.4010744e+01  -1.0860261e+01
  -1.3707939e+01  -1.1755557e+01
  -1.3052616e+01  -1.1155582e+01
  -1.5188002e+01  -1.0208138e+01
  -1.3222036e+01  -1.0655235e+01
  -1.3231122e+01  -9.8265401e+00
  -1.3135064e+01  -1.0954039e+01
  -1.3599597e+01  -1.1468545e+01
  -1.2396190e+01  -1.1810515e+01
  -1.5092153e+01  -1.1894436e+01
  -1.4660208e+01  -1.2727301e+01
  -1.5261786e+01  -9.9019977e+00
  -1.3929073e+01  -1.2739084e+01
  -1.2932892e+01  -1.2958446e+01
  -1.2461969e+01  -1.2476312e+01
  -1.4753495e+01  -1.1048364e+01
  -1.4523651e+01  -1.2542304e+01
  -1.3212433e+01  -1.2441360e+01
  -1.4544934e+01  -1.5015751e+01
  -1.4647049e+01  -1.2401228e+01
  -1.2740514e+01  -1.3008247e+01
  -1.2834911e+01  -1.3096466e+01
  -1.2248181e+01  -1.2080164e+01
  -1.4215709e+01  -1.3713160e+01
  -1.2956885e+01  -1.2597446e+01
  -1.3330366e+01  -1.4535919e+01
  -1.3422172e+01  -1.5486711e+01
  -1.3833438e+01  -1.5137748e+01
  -1.3022964e+01  -1.4638184e+01
  -1.1959066e+01  -1.4304375e+01
  -1.4133535e+01  -1.4158816e+01
  -1.3886689e+01  -1.4478173e+01
  -1.0334313e+01  -1.5200359e+01
  -1.2463044e+01  -1.3683651e+01
  -1.3562418e+01  -1.3631154e+01
  -1.2828694e+01  -1.4097850e+01
  -1.2840581e+01  -1.3233786e+01
  -1.0991340e+01  -1.5673329e+01
  -1.0232380e+01  -1.5278017e+01
  -1.1131802e+01  -1.4820700e+01
  -1.1820336e+01  -1.2956208e+01
  -1.3231834e+01  -1.6481942e+01
  -1.0760253e+01  -1.7094109e+01
  -1.0631019e+01  -1.3578460e+01
  -1.2821693e+01  -1.4861989e+01
  -1.1819191e+01  -1.3830037e+01
  -1.1741792e+01  -1.3881701e+01
  -1.1764305e+01  -1.3520678e+01
  -1.0522456e+01  -1.5686695e+01
  -1.1945827e+01  -1.4337403e+01
  -1.2676813e+01  -1.3362467e+01
  -9.1312734e+00  -1.3492388e+01
  -1.1669457e+01  -1.3780601e+01
  -8.2041324e+00  -1.2623091e+01
  -9.8218084e+00  -1.2859208e+01
  -8.9561512e+00  -1.3387221e+01
  -1.0344492e+01  -1.3689057e+01
  -1.0021538e+01  -1.3486159e+01
  -1.0899171e+01  -1.4013383e+01
  -9.4862489e+00  -1.3474569e+01
  -1.1001585e+01  -1.4103078e+01
  -1.1407619e+01  -1.1864640e+01
  -1.0379214e+01  -1.1749614e+01
  -8.7883884e+00  -1.2451513e+01
  -1.0000000e+01  -1.2000000e+01
  -7.1040483e+00  -1.2335367e+01
  -9.5542939e+00  -1.2174615e+01
  -8.8906627e+00  -1.2138756e+01
  -1.0434263e+01  -1.0945442e+01
  -1.0052137e+01  -1.2163693e+01
  -1.2214225e+01  -1.2758551e+01
  -1.0608806e+01  -1.0435229e+01
  -9.3936395e+00  -1.0551696e+01
  -9.0927909e+00  -1.1173310e+01
  -9.7706697e+00  -1.0913804e+01
  -9.7381537e+00  -1.0917645e+01
  -9.1932038e+00  -1.2176441e+01
  -7.9060248e+00  -1.0770255e+01
  -1.1545322e+01  -1.1533130e+01
  -1.0402964e+01  -8.9774706e+00
  -1.1356599e+01  -9.7546924e+00
  -1.1293684e+01  -9.1169649e+00
  -1.1077116e+01  -1.0770744e+01
  -8.4093798e+00  -9.5992034e+00
  -9.3406131e+00  -8.8306772e+00
  -1.0504156e+01  -8.3484656e+00
  -1.0896559e+01  -9.0738844e+00
  -1.2406624e+01  -1.0764507e+01
  -1.0160175e+01  -9.8239273e+00
  -1.1410171e+01  -9.0176822e+00
  -1.3705554e+01  -9.6992705e+00
  -1.2234636e+01  -8.8087474e+00
  -1.1204085e+01  -1.0760363e+01
  -1.1415307e+01  -9.4067054e+00
  -1.0874250e+01  -9.7645491e+00
  -1.2831853e+01  -9.1777984e+00
  -1.1065824e+01  -8.7102160e+00
  -1.0992108e+01  -9.9823247e+00
  -1.2590867e+01  -9.6947965e+00
  -1.1208433e+01  -8.7277753e+00
  -1.1561786e+01  -7.9853514e+00
  -1.1322344e+01  -9.1741620e+00
  -1.1925633e+01  -6.7747738e+00
  -1.0732635e+01  -9.4599515e+00
  -1.4125680e+01  -9.4180863e+00
  -1.2213066e+01  -1.1043212e+01
  -1.1129998e+01  -7.6517827e+00
  -1.2529290e+01  -9.4943942e+00
  -1.1850006e+01  -8.4077724e+00
  -1.2812130e+01  -9.7372542e+00
  -1.2507781e+01  -7.3668707e+00
  -1.4300263e+01  -7.5630425e+00
  -1.4759728e+01  -1.0175901e+01
  -1.2425526e+01  -8.2924147e+00
  -1.3938086e+01  -9.6536263e+00
  -1.3963334e+01  -1.1083761e+01
  -1.2076563e+01  -1.0101305e+01
  -1.3254996e+01  -7.5888424e+00
  -1.3009407e+01  -9.8143714e+00
  -1.2693936e+01  -9.6383598e+00
  -1.4680965e+01  -9.2389533e+00
  -1.3523688e+01  -1.0160631e+01
  -1.2824790e+01  -9.9781992e+00
  -1.4186261e+01  -1.1486673e+01
  -1.3035595e+01  -9.6006535e+00
  -1.3528813e+01  -1.0408266e+01
  -1.3863764e+01  -1.0733061e+01
  -1.4022667e+01  -9.2985535e+00
  -1.2687149e+01  -1.1224804e+01
  -1.3139662e+01  -1.1553719e+01
  -1.4624245e+01  -1.1220143e+01
  -1.3724578e+01  -1.1789010e+01
  -1.5391811e+01  -1.0550337e+01
  -1.4415742e+01  -1.1456098e+01
  -1.3398161e+01  -1.1525037e+01
  -1.3969731e+01  -1.1381040e+01
  -1.3449380e+01  -1.2445634e+01
  -1.3647989e+01  -1.1393271e+01
  -1.3645346e+01  -1.3653554e+01
  -1.2844976e+01  -1.3301771e+01
  -1.2037633e+01  -1.3052994e+01
  -1.4189174e+01  -1.1431606e+01
  -1.5310735e+01  -1.2185544e+01
  -1.3196175e+01  -1.2238517e+01
  -1.4634555e+01  -1.2446957e+01
  -1.4858930e+01  -1.2727256e+01
  -1.4399537e+01  -1.2958764e+01
  -1.4628395e+01  -1.2854725e+01
  -1.4265976e+01  -1.4237125e+01
  -1.5938526e+01  -1.3029448e+01
  -1.1948318e+01  -1.4167265e+01
  -1.2199439e+01  -1.3905425e+01
  -1.4398939e+01  -1.3743647e+01
  -1.3940354e+01  -1.3233952e+01
  -1.4333834e+01  -1.3897369e+01
  -1.3126442e+01  -1.3994075e+01
  -1.3064644e+01  -1.4635411e+01
  -1.4764534e+01  -1.3960057e+01
  -1.4163150e+01  -1.3266436e+01
  -1.3455159e+01  -1.3594721e+01
  -1.1350336e+01  -1.4869528e+01
  -1.3601782e+01  -1.3486365e+01
  -1.2606599e+01  -1.4623750e+01
  -1.2703015e+01  -1.5457939e+01
  -1.1715522e+01  -1.5231529e+01
  -1.1573931e+01  -1.5305228e+01
  -1.1145489e+01  -1.4564021e+01
  -1.5620342e+01  -1.5080372e+01
  -1.1172912e+01  -1.5247755e+01
  -1.2997936e+01  -1.4505587e+01
  -1.0797052e+01  -1.4232408e+01
  -1.2061027e+01  -1.4473368e+01
  -1.1568908e+01  -1.5177291e+01
  -1.1602398e+01  -1.5012931e+01
  -1.1211292e+01  -1.4376051e+01
  -1.3253231e+01  -1.5535515e+01
  -1.2969451e+01  -1.4878267e+01
  -1.3930428e+01  -1.5072467e+01
  -1.0508966e+01  -1.4492593e+01
  -1.0070838e+01  -1.4912390e+01
  -1.1936380e+01  -1.6695912e+01
  -8.6804263e+00  -1.4528304e+01
  -1.0169034e+01  -1.4236411e+01
  -1.1542107e+01  -1.5038563e+01
  -1.3601026e+01  -1.5667316e+01
  -1.1424157e+01  -1.5259283e+01
  -1.0197833e+01  -1.4073560e+01
  -1.1359018e+01  -1.5642102e+01
  -1.0000690e+01  -1.4460443e+01
  -1.0380262e+01  -1.3952093e+01
  -1.0768311e+01  -1.3495627e+01
  -1.0357842e+01  -1.4074664e+01
  -1.1590192e+01  -1.3986911e+01
  -9.5510471e+00  -1.4337121e+01
  -1.0012217e+01  -1.3191307e+01
  -7.0311109e+00  -1.4439187e+01
  -1.0517184e+01  -1.4041811e+01
  -1.1800919e+01  -1.3316302e+01
  -9.9005605e+00  -1.3747702e+01
  -1.0232337e+01  -1.3370235e+01
  -1.0454448e+01  -1.4001645e+01
  -1.0839911e+01  -1.3943093e+01
  -9.3936542e+00  -1.2927995e+01
  -9.7400980e+00  -1.3477515e+01
  -1.2213747e+01  -1.2599546e+01
  -9.4042683e+00  -1.1377369e+01
  -1.1838767e+01  -1.2094694e+01
  -9.8490967e+00  -1.2215318e+01
  -1.0112509e+01  -1.0186205e+01
  -1.1157975e+01  -1.1798609e+01
  -1.1976719e+01   4.3880657e-01
  -8.5470682e+00  -7.2816598e-02
  -1.0311629e+01  -1.0292662e+00
  -9.7426537e+00   1.6742501e+00
  -1.1338432e+01  -5.0623489e-01
  -1.0726521e+01   1.1444537e+00
  -9.0599938e+00   1.8083018e+00
  -1.0326898e+01   5.9416893e-01
  -1.0256594e+01   2.1607893e+00
  -1.1120702e+01   2.0278352e+00
  -1.0218374e+01   3.2911830e+00
  -9.0296558e+00   2.5808725e-01
  -9.5958211e+00   1.6177646e+00
  -1.2113839e+01   1.7952411e+00
  -1.1396072e+01   2.8361809e+00
  -1.1257261e+01   1.2809200e+00
  -1.1517435e+01   8.2160182e-01
  -9.7187556e+00   2.1671648e+00
  -1.0741142e+01   3.5457681e+00
  -1.2229283e+01   1.4042001e+00
  -1.3246938e+01   3.7764740e+00
  -1.1976997e+01   4.0552527e+00
  -1.2467909e+01   7.2710210e-02
  -1.3227809e+01   3.7880715e+00
  -1.2076812e+01   4.8401667e+00
  -1.2078606e+01   1.1383288e+00
  -1.0080788e+01   3.9514324e+00
  -1.4158876e+01   3.0318484e+00
  -1.2875347e+01   1.9711321e+00
  -1.4772149e+01   1.6861191e+00
  -1.2806720e+01   1.9678534e+00
  -1.4055693e+01   2.4507642e+00
  -1.0703956e+01   2.5128838e+00
  -1.2644880e+01   1.5799386e+00
  -1.5068911e+01   8.3749598e-01
  -1.3058795e+01   1.8460069e+00
  -1.3729642e+01   2.4828474e+00
  -1.1674215e+01   2.4006766e+00
  -1.4154064e+01   1.5473766e+00
  -1.2932775e+01   1.1187905e+00
  -1.2445567e+01   2.0812180e+00
  -1.3355129e+01  -9.1869105e-01
  -1.5175713e+01  -5.8199571e-01
  -1.2947282e+01   1.8809186e-01
  -1.2098884e+01  -1.2037848e-01
  -1.4005443e+01  -4.3810909e-01
  -1.2695722e+01   6.2687641e-01
  -1.3767707e+01  -1.1379566e+00
  -1.4294371e+01  -1.2082227e+00
  -1.3192673e+01  -3.4493746e-02
  -1.2174233e+01  -2.0799782e-01
  -1.4833301e+01  -4.3170749e-01
  -1.3556056e+01  -2.3310971e+00
  -1.3801931e+01  -1.9421711e+00
  -1.3509536e+01  -1.8228619e+00
  -1.3549717e+01  -2.5659701e+00
  -1.2077218e+01  -8.2017863e-01
  -1.2653449e+01  -2.3317830e+00
  -1.1659112e+01  -2.8925578e+00
  -1.3259864e+01  -2.5762616e+00
  -1.1834725e+01  -2.8307692e+00
  -1.2149702e+01  -2.9109759e+00
  -1.2340459e+01  -4.8565165e+00
  -1.1028420e+01  -1.9248845e+00
  -1.3344830e+01  -5.4443181e+00
  -1.0485843e+01  -2.9332811e+00
  -1.1066131e+01  -2.4070761e+00
  -1.1443672e+01  -1.8187198e+00
  -1.1239373e+01  -4.6744372e+00
  -1.0895199e+01  -3.2717805e+00
  -1.1242609e+01  -2.6588907e+00
  -1.0957854e+01  -3.3685548e+00
  -1.1740609e+01  -3.8030798e+00
  -9.9444681e+00  -2.5391067e+00
  -1.0465501e+01  -1.4889278e+00
  -1.1957478e+01  -3.5363926e+00
  -1.0866548e+01  -1.5766313e+00
  -1.1454712e+01  -2.8728616e+00
  -9.9543230e+00  -1.6502879e+00
  -9.8418008e+00  -1.1053002e+00
  -9.2729677e+00  -3.3586622e+00
  -1.0099962e+01  -1.0694642e+00
  -1.1882132e+01  -1.1530349e+00
  -9.0586592e+00  -2.5692059e+00
  -1.0038753e+01  -1.4212545e+00
  -9.3387515e+00  -1.7600022e+00
  -1.1150894e+01   8.6775482e-01
  -9.5228681e+00   1.1559750e+00
  -9.1329170e+00   6.1541212e-01
