1.56457245e+00 -3.27648009e-01 0
7.41559284e-02 2.18201279e-02 1
1.70463321e+00 -2.23323809e-01 0
2.05369573e-01 -1.29037268e-01 1
-1.52570986e-01 8.73682090e-01 1
4.83650256e-01 9.52808917e-01 1
3.72089453e-01 -2.38624309e-01 1
6.16912898e-01 -5.52446243e-01 0
8.99349166e-02 -4.18958270e-03 0
8.46458750e-01 5.85988197e-01 1
-5.25265881e-01 6.21924460e-01 1
-6.95901274e-01 8.19867153e-01 0
1.74731677e+00 1.30707107e-02 0
-8.37949712e-01 3.16751967e-01 1
5.71131474e-01 -3.20520165e-01 1
1.32108546e+00 -4.31837020e-01 0
3.63705257e-02 3.23161338e-01 0
1.28759994e-01 5.29962096e-02 0
1.92595754e+00 1.43807453e-01 0
1.01031823e+00 -3.78738554e-01 0
9.59037524e-01 6.22926551e-02 1
-7.09814570e-01 7.08275702e-01 0
-7.33334415e-01 6.15865168e-01 0
1.97110874e+00 4.32799697e-01 1
1.70506692e+00 -2.98223190e-01 0
-8.14054663e-03 3.31471213e-01 1
7.78709559e-01 7.21231396e-01 1
-1.23011185e-01 1.09057345e+00 1
-1.61859609e-01 9.40991983e-01 0
-5.38090469e-01 8.41075772e-01 0
-9.18132073e-02 2.97136363e-01 1
8.41043040e-01 6.11701418e-01 1
8.60044358e-01 -4.14488332e-01 1
1.67368559e+00 -4.03401818e-01 0
2.51613279e-01 7.87759728e-01 0
-4.78197034e-01 8.54502839e-01 1
1.34044836e+00 -3.65070235e-01 0
8.63528950e-01 3.98330758e-01 1
8.68004116e-01 5.45958686e-01 0
-7.14082190e-01 7.00974496e-01 1
9.03983928e-01 -5.03868136e-01 0
-4.50638410e-01 9.74299748e-01 1
-4.62282852e-02 4.34057833e-01 0
-9.52901447e-01 1.29977632e-01 1
-7.97530932e-01 3.89268739e-01 0
7.56024444e-01 -5.28615136e-01 0
1.55129601e-03 -1.28005529e-02 0
9.74207273e-01 -5.35874817e-01 1
9.09148184e-01 5.33397364e-01 1
9.81600834e-01 4.58772573e-01 1
1.20327936e+00 -3.89907546e-01 0
-2.65846325e-01 9.68925005e-01 0
8.53536461e-01 -5.72820054e-01 1
9.96621916e-01 2.69882179e-01 0
6.11832674e-01 -3.36345608e-01 0
2.08422449e+00 2.23098942e-01 0
7.68898714e-01 3.53064422e-01 1
1.23139406e+00 1.70105569e-01 1
6.06231295e-02 4.73800063e-02 1
1.88765198e+00 4.24893732e-01 0
1.13990266e+00 -4.10732590e-01 1
-8.58434268e-02 8.68649185e-01 0
2.01265131e+00 3.28183208e-01 1
-9.94732798e-01 2.07137880e-01 0
1.98606436e+00 2.36888420e-01 0
-3.67254955e-01 9.57477859e-01 1
-9.81585868e-01 1.01516364e-01 1
1.18229398e-01 -8.67686833e-03 1
4.24623740e-01 8.88979701e-01 1
7.09320362e-01 6.17816545e-01 0
5.95875422e-01 6.77822656e-01 1
1.95347357e+00 3.42127739e-01 0
7.79715637e-01 -3.84712594e-01 0
3.94372093e-01 -1.35886778e-02 0
1.11538428e+00 4.66453624e-01 0
9.66282313e-01 3.91101939e-01 1
1.78339395e+00 -3.75178452e-01 1
4.04285223e-01 8.72444043e-01 1
-9.38807786e-02 9.49923957e-01 0
-4.70696224e-01 8.02256024e-01 1
7.59590576e-01 8.30113443e-01 1
3.93246772e-01 9.30227913e-01 0
5.03556406e-01 8.73385809e-01 0
1.73451464e+00 -4.18938002e-02 1
2.90964101e-01 1.12570421e+00 1
7.38526385e-01 5.56560930e-01 0
4.69762747e-01 -2.24978322e-01 0
-5.14961381e-02 1.07982794e+00 0
-9.60280563e-01 3.87178384e-01 0
6.75499072e-01 9.91962108e-01 0
1.06459127e-01 4.10005122e-02 1
6.88764806e-02 1.03296197e+00 1
7.89190211e-01 4.81961098e-01 0
3.98470420e-01 7.38073541e-01 1
1.85780431e+00 -9.62552017e-02 1
-8.43967049e-01 7.24930032e-01 0
-6.97729321e-01 5.16226088e-01 0
1.46448275e+00 -2.86753072e-01 0
-6.86920508e-01 8.55168591e-01 1
3.75153989e-02 4.96514687e-01 0
9.43457728e-01 -1.00767908e-03 0
1.82466602e+00 -7.91191284e-02 0
1.03955516e+00 2.15822308e-01 1
-3.40441581e-01 8.80469552e-01 1
-2.40863257e-01 9.20892627e-01 0
5.88559918e-01 7.79307355e-01 0
1.63093448e-01 9.77132514e-01 1
1.23538008e-01 2.76169253e-01 0
7.57602424e-01 -5.47077358e-01 1
-8.26242305e-01 5.03306745e-01 0
4.81876590e-01 8.85361447e-01 0
-1.08580307e+00 2.51408535e-01 1
-7.92396276e-01 5.63124823e-01 1
1.64356745e+00 -2.18560567e-01 1
-8.32805321e-01 2.19200364e-01 0
-9.54784056e-01 2.51611104e-01 1
-4.21014589e-02 3.00882717e-01 1
-7.79640096e-02 1.03190172e+00 0
1.95695429e-01 9.65803191e-01 0
1.79756732e-01 1.12846273e+00 1
1.09135359e+00 -4.19168668e-01 1
-8.90929927e-01 4.07477784e-01 0
2.06980199e+00 7.61083037e-03 1
2.04385492e-01 9.95835152e-01 1
6.70853509e-01 -4.08227194e-01 1
5.92341355e-02 1.40265077e-01 1
1.06355919e-01 2.11250883e-01 0
-9.32401917e-01 3.08489281e-01 1
-4.95231590e-01 8.45515327e-01 0
1.37895833e+00 -5.26943562e-01 0
1.45995567e+00 -2.42925148e-01 1
1.98092847e-01 3.38345943e-02 0
1.65081345e+00 -2.38005606e-01 1
9.24599131e-01 3.28712471e-01 1
5.59566378e-01 -2.13621023e-01 1
8.47338166e-01 -5.32314630e-01 1
2.22169764e-01 1.03057273e+00 1
9.22452139e-01 3.85881501e-01 0
-5.71361212e-01 9.45815231e-01 0
1.11800203e+00 -4.39746999e-01 1
-2.77461234e-01 8.70464244e-01 0
5.19812647e-02 1.02837235e+00 1
5.42386075e-01 -3.74587055e-01 1
-7.61993973e-01 5.75117989e-01 0
-8.65246500e-01 4.59439821e-01 1
3.57713531e-01 9.38690840e-01 1
3.60831101e-01 1.20606990e+00 0
1.24818370e+00 -4.18184794e-01 1
6.82324842e-01 5.89652592e-01 1
1.16372811e-01 3.77210998e-01 1
2.69694703e-01 -1.92039972e-01 0
1.09790423e+00 -4.59590198e-01 1
7.00485155e-01 6.79210397e-01 0
1.96386181e+00 3.59622306e-01 0
1.98109208e+00 4.41979494e-01 0
5.72340821e-02 1.01817624e+00 1
-2.50329126e-01 1.08843865e+00 1
8.89331460e-02 4.48127048e-01 0
3.92687538e-01 -1.91114574e-01 1
1.16827400e+00 -5.38015882e-01 0
1.93391503e+00 3.38587715e-01 0
1.66499616e+00 -4.35163359e-01 1
-7.49680622e-01 5.62564647e-01 1
2.09090564e+00 3.21846716e-01 0
3.03108578e-01 -3.14439929e-01 0
5.51696990e-02 -6.78688131e-02 0
1.00951542e+00 2.88523505e-01 1
1.66426953e+00 -2.52947852e-01 1
-1.01608125e+00 9.49934736e-02 1
1.80579920e+00 -9.15653203e-02 0
7.87254290e-01 8.05884675e-01 0
1.05040752e-02 2.19708001e-01 1
1.32339183e+00 -4.91350610e-01 0
1.93460236e+00 6.46577632e-02 0
1.12078260e+00 -4.76173481e-01 1
1.88672350e+00 -2.21277530e-02 1
5.98321541e-01 -4.87140612e-01 1
1.57057372e+00 -3.66273332e-01 1
2.06527231e+00 4.40740085e-01 1
-9.91393285e-01 3.28585832e-01 0
-1.09746896e+00 1.51103245e-01 1
-5.97512920e-02 9.25065024e-01 1
-7.27524528e-01 6.58021793e-01 0
6.62801949e-01 8.08066610e-01 1
-8.02297627e-01 4.04000938e-01 0
1.97538311e+00 2.30022510e-01 0
1.85120274e+00 -1.57554293e-01 1
1.93852970e+00 2.32322381e-01 0
1.99709313e+00 1.86150418e-01 0
1.72297266e+00 -1.12452074e-01 0
-2.56865986e-01 8.53856019e-01 0
-8.06461356e-01 2.46006612e-01 1
-6.62994605e-01 6.25921016e-01 0
9.61606499e-01 -4.97467675e-01 1
1.97799066e+00 5.14501846e-01 0
7.32690473e-01 -4.21136786e-01 1
1.24665582e-01 1.01849608e+00 1
1.61804049e+00 -1.96120806e-01 1
5.84217278e-01 9.50508553e-01 0
2.07658593e+00 2.80578100e-01 1
3.47045577e-03 1.03541808e+00 1
8.68962017e-01 4.73545687e-01 1
3.91795374e-02 4.39333229e-01 0
1.29272380e+00 -4.32381549e-01 1
8.03971580e-01 5.17918576e-01 1
-1.12707468e-01 1.05813542e+00 0
-1.03200790e+00 5.96543874e-02 1
-4.37662943e-01 8.65379067e-01 1
3.18466809e-01 1.05111031e+00 1
6.52886639e-02 1.08292886e+00 0
7.92654764e-01 7.12349440e-01 0
7.07451949e-01 5.34884777e-01 0
-7.00276776e-01 6.91341962e-01 0
2.08466908e+00 3.58209161e-01 1
1.25959459e-01 2.19001007e-01 1
4.26249908e-02 2.53483097e-01 0
1.18776733e-01 1.67233587e-01 0
8.15058859e-01 3.84011358e-01 0
1.72335750e+00 -1.47903485e-01 1
-3.42409767e-01 7.88762369e-01 1
6.22454464e-01 7.72029363e-01 1
7.68787739e-01 6.29615786e-01 0
3.10924518e-01 -2.00784129e-01 1
-7.76078906e-01 5.67288805e-01 1
1.77102286e+00 4.01390894e-01 0
3.85093478e-01 1.00603291e+00 1
7.15888369e-01 6.70869372e-01 1
8.82868818e-01 5.62132425e-01 1
2.46125562e-01 4.65933462e-02 1
1.12646684e+00 -4.97941045e-01 0
-1.79167084e-01 9.46803795e-01 1
4.02500663e-01 -2.41045958e-01 0
1.76113351e-01 3.29851289e-02 0
7.20984549e-01 -4.34722180e-01 1
-1.82179050e-03 9.61524291e-01 0
9.05575164e-01 7.71820743e-01 0
9.51946717e-01 4.14320834e-01 1
-9.59234672e-01 4.26704616e-01 0
-3.91399704e-01 7.42796129e-01 0
4.28582691e-01 8.01546018e-01 1
1.15901722e+00 -5.20023889e-01 0
1.49470459e+00 -2.94541223e-01 0
1.65969942e-01 -1.01772076e-02 1
3.00852555e-02 4.20539306e-01 1
1.05685116e-02 5.70853802e-01 1
1.52339107e+00 -4.47041691e-01 1
1.01119673e+00 2.51537363e-01 1
1.83963632e+00 2.85459399e-01 0
8.29595435e-01 1.80363043e-01 0
1.41427506e+00 -4.60395026e-01 0
7.87231328e-02 1.67958606e-01 0
1.51427548e+00 -3.75089149e-01 1
1.02856772e+00 -4.55159273e-01 0
-7.39777590e-01 7.33046394e-01 0
8.83891530e-01 3.09802480e-01 0
1.90505576e+00 9.26657604e-03 0
1.99345874e+00 3.78067482e-01 0
-4.49586160e-02 3.76879816e-01 1
-4.47561462e-01 8.26962723e-01 0
1.21294565e+00 -4.80616305e-01 1
-6.61604266e-01 8.16346828e-01 0
3.10420025e-01 -2.07111760e-01 0
1.37081747e-01 -1.48506527e-01 0
1.23813533e-01 1.05969226e+00 0
1.06770268e+00 -1.37021252e-02 0
2.00824216e+00 1.29228715e-01 0
-8.45216935e-01 1.81416875e-01 1
1.34694580e-01 -8.01295288e-02 1
2.00543048e+00 3.05428698e-01 1
-2.04292265e-01 9.67382972e-01 1
5.74368079e-01 -3.22007966e-01 0
1.54978234e+00 -3.47578905e-01 1
1.93188149e+00 -2.39937593e-02 0
1.25026494e-01 2.74644470e-01 1
6.28637229e-01 8.61779967e-01 1
-4.18639672e-01 9.63118452e-01 1
3.15312035e-01 -2.11288081e-01 1
2.83338010e-01 -3.76640366e-01 0
3.72053964e-01 7.48230243e-01 0
2.05601345e+00 -3.70796713e-02 1
1.78361953e+00 1.96127618e-01 1
-3.37653581e-01 9.75698502e-01 0
4.10952797e-01 8.75719776e-01 0
1.96827232e+00 5.10931092e-01 1
-8.75306775e-01 3.34310514e-01 1
-1.01744453e+00 2.00957406e-01 0
-1.88472894e-01 9.50050362e-01 1
-5.42788199e-02 2.85719089e-01 0
7.87132622e-01 -4.94066868e-01 0
-8.67147454e-01 2.11272176e-01 1
8.05752823e-01 -4.43766812e-01 1
1.90837689e+00 -1.64708940e-02 1
4.64176663e-01 9.51678514e-01 0
1.95686095e+00 4.13890153e-01 0
6.82748848e-01 -3.20199922e-01 1
-9.27567823e-01 1.76369317e-01 0
4.24453690e-02 1.36840931e-01 0
1.02001818e+00 2.91922699e-01 1
1.07610401e-01 2.47735510e-01 1
1.03834625e+00 -4.83309547e-01 0
4.84741122e-01 8.58178915e-01 0
1.98881309e-01 9.23459518e-01 1
-1.08991492e+00 2.36948384e-01 0
9.36113778e-01 -5.95116073e-02 0
1.56624287e+00 -3.09197356e-01 0
5.82613033e-01 -4.86760071e-01 0
1.28956464e+00 -4.80702067e-01 0
-4.45601526e-01 1.03180247e+00 1
1.32941593e-01 1.01743603e+00 1
7.58643443e-01 -5.05023678e-01 1
1.41581030e-02 3.13189189e-01 1
1.26443647e-01 1.77549260e-01 1
1.62902280e+00 -3.96362058e-01 0
1.70388531e-01 9.46288065e-01 0
-2.69448370e-01 9.25201108e-01 0
1.68042653e+00 -1.87499314e-01 1
2.03262094e-01 7.83557990e-02 0
-2.38245165e-01 8.23364582e-01 1
9.77706985e-01 6.98733575e-02 1
-6.18815351e-01 8.56521897e-01 1
1.73030099e-01 8.95016227e-01 0
-4.85747173e-01 8.41348506e-01 1
2.88142338e-01 -2.33175518e-01 0
1.33055953e+00 -4.99526570e-01 1
1.86225023e+00 1.80427614e-01 0
2.90266215e-01 -2.00021099e-01 1
4.20883674e-01 -3.89277553e-01 0
1.75344639e-01 1.91048409e-02 1
1.32338751e+00 -6.17108605e-01 0
9.97187519e-01 2.03074226e-01 1
6.21421452e-01 9.01753947e-01 0
5.54265084e-01 -2.47241334e-01 1
9.97133538e-01 5.03654183e-01 0
3.42639597e-01 -3.75866185e-01 0
1.36847139e-01 1.71340428e-01 1
2.57429075e-01 -1.01695300e-01 0
-9.49382991e-01 2.67993864e-01 0
1.35001878e+00 -4.87095269e-01 0
8.00197569e-01 -5.31506237e-01 1
1.71489130e+00 -3.36818292e-01 0
2.31485607e-01 9.78525854e-04 1
3.15067645e-01 -1.22222426e-01 1
7.13402061e-01 6.36178421e-01 0
-8.26165325e-01 5.43527933e-01 0
2.90479505e-01 1.09662824e+00 1
-5.30685300e-01 7.50538343e-01 1
1.23151639e+00 -4.69002144e-01 1
9.15453458e-01 -4.93817900e-01 1
-2.15745951e-01 8.92486305e-01 0
9.43312384e-01 1.34645017e-01 0
5.75851413e-01 5.64681781e-01 0
2.01602736e+00 2.00803170e-01 1
5.20201001e-01 9.71896346e-01 1
2.99209250e-01 -3.94047051e-01 1
1.39406195e+00 -3.14457649e-01 1
3.71912767e-01 8.93064158e-01 1
9.29306490e-02 1.09121235e+00 0
1.77610939e+00 6.12950947e-04 0
-7.23546436e-01 7.04660641e-01 1
1.38023456e+00 -5.11832647e-01 0
-7.81729950e-01 7.83949255e-01 1
1.64267423e+00 -2.29665436e-01 0
-5.77482526e-01 7.52916901e-01 0
7.87848099e-03 4.58054306e-01 0
-8.76784084e-01 6.06021645e-02 1
9.64962514e-01 4.28292501e-01 1
3.43471475e-01 1.14206317e+00 0
1.88415592e+00 -7.40213802e-02 0
-9.05031296e-01 3.02566973e-01 0
1.13865946e+00 -4.90594800e-01 1
-1.48037993e-01 8.94421278e-01 1
1.48511900e+00 -4.07593979e-01 1
1.88510433e+00 6.70823926e-02 0
1.76079627e+00 4.58674672e-02 0
1.01401251e+00 3.09721641e-01 1
1.54040203e+00 -3.90385686e-01 1
-9.47115913e-01 3.30716373e-01 0
1.71580997e+00 -1.60826875e-01 1
7.33631345e-01 8.72417136e-01 1
-2.05982211e-02 9.26878847e-01 0
-9.55728673e-01 9.81563522e-02 0
-5.92699656e-01 7.88625549e-01 0
8.24538516e-01 5.41588978e-01 0
-3.06640430e-01 9.19399051e-01 1
1.43510371e+00 -3.55648093e-01 1
9.17590024e-02 1.07235517e+00 1
8.70843456e-01 5.94992845e-01 1
2.05372874e+00 3.46679684e-01 0
-7.27706228e-01 6.44479835e-01 0
2.02869593e+00 3.32225334e-01 1
1.83509521e-01 9.77489734e-01 1
7.39944373e-01 -3.82773909e-01 1
-9.88026808e-01 4.47342883e-01 1
4.33934578e-01 7.32636113e-01 1
-5.40456174e-03 4.70328585e-01 1
9.58629859e-01 -4.60772697e-01 0
8.81945006e-01 -5.25752765e-01 1
-1.18215601e-02 -2.79285442e-03 1
2.03233742e+00 5.32182002e-01 0
2.91680597e-01 -2.84532093e-01 0
1.55878486e+00 -3.58870020e-01 1
-7.04907637e-01 7.05589808e-01 0
3.87544908e-01 -2.46719660e-01 0
-4.16868384e-01 9.71297433e-01 0
2.08512278e+00 2.80807727e-01 1
-1.03274027e+00 1.74272012e-01 1
1.08841120e+00 -6.05198068e-02 1
1.89600130e+00 -9.93915724e-02 1
1.02145710e+00 -6.19915357e-01 0
1.93056762e-01 -2.23457064e-01 1
8.84416053e-01 3.82579854e-01 0
1.12237800e+00 -6.51749936e-01 1
1.38379380e-01 -2.51500934e-01 0
9.38277198e-01 8.07971655e-02 1
5.18929674e-01 -5.29642245e-01 0
5.50213104e-01 8.83987137e-01 1
3.98337675e-01 1.10205562e+00 0
1.37959710e+00 -3.08250729e-01 1
-9.21738135e-01 4.98805600e-01 0
-6.54887269e-01 7.86274836e-01 0
8.70069103e-01 1.25528797e-01 0
-4.05901831e-01 9.83423870e-01 0
8.02433941e-01 6.87529074e-01 0
6.79347142e-01 8.07233764e-01 1
2.24451511e-01 -1.62541770e-01 1
9.08877395e-01 -3.62739343e-01 0
-1.03528248e+00 1.37327417e-01 1
8.11569489e-01 -4.86108354e-01 0
-8.27104309e-01 4.21095270e-01 0
1.80572917e+00 -2.85545463e-01 1
1.21747183e-01 3.59459877e-02 0
1.99678539e+00 2.93858723e-01 1
1.65350000e+00 -3.02854009e-01 0
1.41059572e+00 -4.69307100e-01 0
2.84053676e-01 -9.73849872e-02 1
-2.09203566e-02 1.03768363e+00 0
7.33801786e-01 -5.10067154e-01 1
-9.93012240e-01 2.21841028e-01 0
-3.43730672e-02 1.73083489e-01 1
1.00431254e-01 4.82618525e-01 1
1.96220879e+00 9.13170490e-02 0
-5.08427202e-01 8.71058614e-01 0
8.71817412e-01 1.09208820e-01 0
-5.54079518e-01 8.82771778e-01 0
6.76029194e-01 7.11438466e-01 0
-5.33583543e-02 1.99888578e-02 1
-7.61429994e-01 6.13346510e-01 1
7.78898221e-01 5.67890221e-01 0
-1.10903393e+00 1.07635173e-01 0
-9.45179983e-01 1.01757536e-01 1
2.47481961e-01 -1.09555432e-01 0
-7.77773847e-01 6.91404639e-01 0
1.24127676e+00 -4.54555573e-01 1
1.78061487e+00 1.06993939e-03 1
6.82292837e-02 2.60586415e-01 1
-6.84722214e-01 5.92669753e-01 0
1.34761950e+00 -5.16242749e-01 0
6.44537496e-01 -3.40419201e-01 1
3.02393991e-01 -1.72022418e-01 0
1.95645439e+00 2.98841235e-01 0
1.79042398e+00 5.23988331e-02 1
2.02305946e+00 3.88693222e-01 0
2.45421511e-01 1.12005481e+00 0
1.94622340e+00 3.59629175e-01 1
7.19964709e-01 -4.56315453e-01 0
4.73780306e-01 -5.29128838e-01 1
9.82989485e-01 -5.38406776e-01 1
9.89930594e-01 -4.61173711e-01 0
4.05119286e-01 8.23565556e-01 1
5.50489691e-02 1.07883826e-01 1
1.15665907e+00 -6.89155154e-01 1
2.14096850e+00 2.70590276e-01 1
4.80870562e-01 -3.29172981e-01 1
-7.33023964e-01 5.96781634e-01 0
2.34523832e-01 7.74631059e-01 1
-6.73950820e-01 9.35696436e-01 0
6.87549930e-01 6.84471248e-01 1
1.07269544e+00 -4.81260953e-01 0
4.44784270e-01 1.11169235e+00 0
5.13309542e-01 -3.67090934e-01 1
1.00313365e+00 5.36495405e-02 0
5.07548044e-01 9.95726894e-01 0
1.98804666e+00 3.39148114e-01 1
1.98640043e+00 1.47548474e-01 0
1.74404844e+00 -2.72770794e-01 1
3.61285829e-01 -4.47254095e-01 1
4.54420190e-01 8.57344128e-01 0
9.10094006e-01 4.44807962e-01 1
1.51803556e+00 -4.50372130e-01 1
-1.02821974e+00 2.88354590e-01 0
7.64809736e-01 -5.17922527e-01 1
-9.14100017e-01 1.36788295e-01 0
-5.57382509e-02 4.24384873e-01 1
1.25217235e+00 -4.66393588e-01 0
-1.03673167e-02 4.59195266e-01 1
4.36394832e-01 -2.74120578e-01 1
1.27408643e+00 -5.06292037e-01 0
1.35615487e+00 -4.99345363e-01 1
-7.68777271e-02 1.08512606e+00 1
-7.24085896e-01 7.23078846e-01 1
-9.59375661e-03 1.05628455e+00 0
1.19839492e+00 -4.89823854e-01 1
1.81015640e+00 -6.99218531e-03 1
2.30088008e-01 7.97978786e-04 1
-4.07250593e-01 9.78408913e-01 0
1.78967529e+00 -2.20028152e-01 1
4.39927440e-02 2.80219737e-01 0
-9.58949551e-01 3.23507002e-01 1
-8.41984450e-01 1.00041862e-01 0
6.46188873e-01 -3.67287977e-01 0
8.45759105e-01 -5.66007205e-01 0
3.83193347e-01 -1.85940498e-01 1
1.78740549e+00 -1.65306152e-01 1
-5.20669316e-01 7.43538877e-01 1
1.82443192e+00 8.13478755e-02 1
-8.51310668e-01 6.04040706e-01 0
1.24803776e+00 -3.94384572e-01 1
8.34257898e-01 5.77071909e-01 0
-6.14568916e-02 2.36432631e-01 0
9.67228764e-01 4.91389166e-01 1
1.46208967e+00 -3.66555281e-01 0
2.55448597e-02 2.27765912e-01 0
3.27052900e-01 9.35785360e-01 0
-7.88763343e-01 6.87411913e-01 0
6.72948330e-01 -4.39841673e-01 0
-2.14230174e-01 1.07746854e+00 0
8.30910439e-01 6.50401311e-01 0
-2.65965189e-01 8.50800354e-01 0
-7.78326374e-01 3.74497734e-01 1
-7.18179852e-01 9.04309115e-01 0
5.15190251e-01 1.06666797e+00 0
-1.81650547e-01 9.60792070e-01 1
1.08162706e+00 -3.95078866e-01 1
1.88911193e+00 5.50425965e-01 0
-8.96139159e-01 7.87964010e-01 1
-8.20099203e-01 4.10468822e-01 1
-9.12757958e-01 6.03563455e-01 0
1.76956462e+00 -8.37599243e-02 1
4.83884712e-01 7.90058431e-01 1
1.00900584e+00 1.61469285e-01 1
1.18584560e+00 -5.38438958e-01 0
9.95778618e-01 1.07760971e-01 1
-1.00844754e+00 3.66174334e-01 1
9.77669342e-01 2.96910174e-01 1
1.04858851e-01 1.22872992e-01 0
5.12502315e-01 -1.97680450e-01 1
5.20625941e-01 -4.35399881e-01 0
1.68218119e+00 -2.35794359e-01 1
7.54251322e-02 1.58238640e-01 0
8.28980572e-01 -5.24723206e-01 1
4.82017983e-01 -3.47656298e-01 0
-1.03211899e+00 5.78124125e-01 0
-5.37879129e-01 1.00735246e+00 1
6.71553075e-01 6.60156882e-01 1
2.26668204e-01 -3.90254909e-01 1
-1.03599704e+00 1.10832614e-02 1
7.96303383e-01 -3.52837914e-01 1
5.53111932e-01 8.78004187e-01 0
-4.49361629e-01 9.82567378e-01 0
1.61606287e+00 -2.86176236e-01 0
9.10887841e-01 6.26839086e-01 1
2.03081208e+00 1.77083965e-01 0
9.72561582e-01 -5.12489031e-01 1
-9.41777512e-02 7.88420827e-01 0
1.18084694e-01 2.49406346e-02 0
5.08400284e-01 -3.06393435e-01 1
2.09618748e+00 3.21754560e-01 0
8.05303332e-01 4.67531239e-01 1
1.42965517e+00 -4.14902482e-01 0
-8.69550804e-01 3.13696706e-01 0
8.75810803e-01 5.46193475e-01 1
-8.43644974e-01 5.36795095e-01 0
1.14041798e-01 1.10343519e+00 1
1.07342879e+00 3.23377064e-01 1
5.24661599e-01 9.64262692e-01 0
2.21352603e-01 -2.22929822e-02 1
-9.09115882e-01 3.22912717e-01 1
4.35337969e-01 -5.38438543e-01 0
1.05025369e+00 3.29764704e-01 0
-1.17012055e+00 -7.50924205e-02 1
-2.09996047e-01 1.03778381e+00 1
8.73639846e-01 1.19350876e-01 1
3.15758728e-01 -3.22932994e-01 1
1.16334234e+00 -4.38446470e-01 1
1.84479513e+00 3.05987118e-01 1
4.10118468e-01 8.73191317e-01 0
-2.02812941e-01 9.73441235e-01 0
7.89581702e-01 3.90009464e-01 1
-2.84396421e-01 8.89808617e-01 1
4.72579971e-01 9.69797134e-01 1
1.87100268e+00 5.00456063e-02 0
3.73322235e-01 -2.30144938e-01 1
1.89138373e+00 7.68495118e-02 1
-4.88100611e-01 8.03902123e-01 1
1.96309799e+00 1.65785313e-01 1
1.81847673e+00 -5.12868523e-02 0
1.25281577e+00 -3.82210155e-01 0
5.38249458e-01 9.56356275e-01 1
1.39605435e+00 -4.28942177e-01 0
1.91504260e+00 3.38833729e-01 0
7.66657595e-01 7.02887901e-01 0
7.16319410e-02 1.90468870e-01 1
1.01733616e+00 -4.64928217e-02 0
3.89840152e-01 8.64460056e-01 0
9.89419735e-01 1.10958132e-01 1
1.55278849e-01 -2.01543834e-01 0
-4.59717321e-01 1.07942218e+00 1
8.92636399e-01 2.29006050e-01 0
9.74233516e-01 1.35559619e-01 0
1.33404712e+00 -5.04293866e-01 1
1.78697686e+00 -1.56089692e-01 0
1.54426950e+00 -2.59809941e-01 0
6.83947319e-01 7.15345510e-01 1
8.25417590e-01 3.68447775e-01 0
5.39974846e-02 3.64335971e-01 0
-7.72945874e-01 5.38832003e-01 1
1.77503378e+00 -3.72586585e-01 0
5.59190613e-01 -5.80330991e-01 1
-1.03541807e+00 3.18587356e-01 0
5.15177963e-01 -2.78985098e-01 1
3.24218848e-01 -3.88120264e-01 0
4.54984672e-01 -2.28140196e-01 0
1.72112669e+00 -3.30034529e-02 1
4.55087115e-01 -4.36737086e-01 1
2.03206308e+00 5.24158100e-01 1
-2.60486832e-01 9.18901710e-01 0
1.37450111e+00 -4.24320294e-01 1
-4.74931008e-01 9.85633583e-01 0
1.45071626e-01 -1.03993881e-01 1
-8.20350803e-01 4.37241782e-01 0
5.03993818e-01 -4.60921075e-01 1
1.74691279e+00 2.87698439e-01 0
-9.97751589e-01 2.44482893e-01 0
5.59622897e-01 7.89110949e-01 0
-1.32876697e-01 1.01758094e+00 1
1.48052073e-01 2.02767219e-01 1
7.51666351e-01 -5.41155051e-01 0
4.55869968e-01 9.04052958e-01 0
-1.47859886e-01 3.19852550e-01 0
1.94857848e-01 4.79869138e-01 0
9.40371173e-02 1.35359780e-01 1
7.41611310e-01 -4.26330705e-01 1
1.43865429e+00 -4.21189877e-01 0
8.44027759e-01 -5.50681096e-01 1
-5.30854903e-01 9.23376514e-01 1
1.64168918e+00 -1.85277276e-01 1
1.97919263e+00 5.99068781e-01 0
9.39340276e-01 3.21508772e-01 1
-7.51811008e-01 4.63963880e-01 0
-9.71181154e-01 1.74991903e-01 0
6.92729723e-01 7.41770103e-01 1
1.37441375e-01 -2.10111443e-01 1
-8.93479244e-01 5.78162193e-01 1
1.95664467e-01 8.23572511e-01 0
1.83775026e+00 1.08786892e-01 0
3.98666142e-01 9.29972737e-01 1
1.94377266e+00 6.85996667e-02 0
-7.24332202e-01 6.40627932e-01 1
1.90776398e+00 2.39349447e-01 0
1.60865927e+00 -1.32803170e-01 1
-8.66973059e-01 7.33429903e-01 1
1.92803980e-01 -9.96863134e-02 1
-6.98305657e-02 3.19241326e-01 0
-9.92195378e-01 1.51539577e-01 1
-9.03629037e-01 3.05096221e-01 1
2.31104622e-02 2.52933564e-01 0
5.46079800e-01 -4.94219281e-01 0
1.86014190e+00 8.08358395e-02 1
9.42477110e-01 -5.63730438e-01 1
-6.92864997e-01 7.09430454e-01 0
9.60131716e-01 5.16443912e-01 1
7.72173523e-01 -4.84142233e-01 0
-9.42321333e-01 4.66261313e-01 0
3.20012855e-01 1.06160193e+00 0
6.65799961e-01 6.87522809e-01 1
1.91610983e+00 2.83777955e-01 1
-9.50117128e-01 2.50854437e-05 1
1.40115676e+00 -3.86901744e-01 0
-4.18077596e-01 8.67151111e-01 0
-9.22574834e-01 3.16716239e-01 1
-1.73409216e-01 1.01424684e+00 0
1.43277469e+00 -3.00439432e-01 0
9.67383310e-01 4.25312411e-01 0
2.07685728e-01 -2.87629727e-01 0
1.89269122e-01 -8.40018386e-02 0
1.20209293e-01 1.60541704e-01 0
-3.57775386e-01 7.76156680e-01 0
-8.59998123e-01 5.02854961e-01 1
-2.32653335e-01 1.00241826e+00 0
-9.79529978e-01 2.83728678e-01 1
4.36888792e-01 -2.69032675e-01 1
9.56573239e-01 4.17390818e-01 0
1.24362251e+00 -4.50905063e-01 1
6.24998853e-01 7.27688241e-01 0
1.95687979e-02 6.12825852e-01 1
-9.75175983e-01 -7.33930600e-02 1
1.30480633e+00 -4.67542272e-01 1
-1.05497978e+00 4.04742468e-01 0
1.70039630e+00 -2.76927472e-01 1
9.86253068e-01 -6.02932233e-01 1
9.64197434e-01 3.08587101e-01 0
-1.00987777e+00 3.67999605e-01 0
-3.18152088e-01 9.32572875e-01 0
8.59404254e-01 5.47295881e-01 1
2.33706041e-01 -1.99581966e-01 0
1.00034079e+00 1.43818357e-03 1
2.03208585e+00 1.87002680e-01 0
2.46839563e-02 4.40378180e-01 1
1.12399039e-01 -4.19566184e-02 0
1.98639175e+00 5.20805776e-01 0
9.40257003e-01 -5.38638424e-01 0
3.64923447e-01 9.75719054e-01 1
7.77175978e-01 -4.50956100e-01 1
1.00197158e+00 -4.93118711e-01 1
1.27824384e+00 -3.93620780e-01 0
-1.66626317e-01 8.48628790e-01 1
2.59659927e-01 8.42844745e-01 0
-7.49743289e-01 9.33713167e-01 1
1.88958856e+00 -2.24151939e-02 0
9.81106035e-01 -5.54768222e-01 0
1.07696810e+00 -5.24789161e-01 1
-8.62728609e-01 5.84701195e-01 1
-9.59970644e-01 1.50341948e-01 0
9.47077784e-01 -4.63202232e-01 1
-3.85893308e-01 9.74854506e-01 1
1.87069484e+00 1.11787251e-01 0
-7.74219378e-01 3.41216341e-01 0
1.37074654e-03 3.23490095e-01 0
9.12011519e-01 3.74162529e-01 1
-3.51420002e-02 9.03703353e-01 1
6.67395430e-01 6.09572034e-01 1
-9.84651447e-02 3.92052969e-01 0
8.80412108e-02 -1.13503009e-01 0
9.60944710e-01 -1.19255622e-02 1
4.50784231e-01 7.97490412e-01 0
-1.10996417e+00 -7.10290031e-02 1
1.51703469e-01 -7.13433382e-02 0
3.12127303e-01 -2.46937744e-01 0
3.24978753e-01 9.76716624e-01 1
6.53914871e-01 6.91233136e-01 0
9.19382673e-01 2.79049515e-01 1
1.88287529e+00 1.35547847e-01 1
9.48576338e-01 -1.07775873e-01 1
-1.04367937e+00 1.68152715e-01 1
8.11849250e-01 -5.80069368e-01 1
1.46172638e+00 -1.48679361e-01 1
-8.26181008e-01 7.36651424e-01 0
7.04858930e-01 2.08172493e-01 0
1.57864702e+00 -4.68571453e-01 1
5.97649357e-01 -4.45244609e-01 0
4.42809991e-02 1.03782586e+00 0
1.54485774e-01 1.95686533e-01 1
2.03327230e+00 3.61994247e-01 0
8.23114185e-02 9.14538760e-01 1
-4.87648131e-01 9.01704406e-01 0
1.87072065e+00 3.58623894e-01 0
6.71204331e-02 2.07079559e-01 1
-1.00798816e+00 6.00991557e-03 0
6.90792043e-01 7.84466073e-01 0
1.88640539e+00 -2.76433268e-01 1
6.88092647e-01 6.18379778e-01 1
8.72104858e-01 5.09817515e-01 1
3.55264253e-01 9.45066586e-01 1
-6.96725441e-01 7.70681771e-01 1
9.85794724e-01 1.76676842e-01 0
2.60404363e-01 -1.73902841e-01 1
6.41339551e-01 7.97729115e-01 1
-5.12210475e-01 9.73662063e-01 1
1.20045338e+00 -4.43519273e-01 1
2.76233603e-01 8.87407444e-01 1
1.90785915e+00 -5.34744759e-02 1
4.99513826e-01 9.00968752e-01 0
5.81248590e-01 -4.72206799e-01 1
-5.13248030e-01 8.54161522e-01 0
1.08907450e+00 -6.44549413e-01 1
5.73058219e-02 1.02288405e+00 0
1.57100487e+00 -2.85805056e-01 1
1.02373655e+00 -5.20314330e-01 1
1.54345896e-01 9.98302777e-01 0
-9.41397971e-01 5.15844140e-01 0
2.35588623e-01 -8.59227100e-02 1
9.97803823e-01 -4.96213516e-01 0
1.75093867e-02 2.59284789e-01 1
-1.83747240e-02 3.51195008e-01 0
2.36713818e-01 -9.41885202e-04 0
1.66613949e+00 -3.05628459e-01 0
3.58965131e-01 -1.77576309e-01 1
5.82987577e-01 8.93441895e-01 0
5.84384728e-01 -3.97435516e-01 0
1.47732718e+00 -4.21668154e-01 0
-3.80510383e-01 8.75357171e-01 0
1.79365200e+00 -3.58020289e-03 0
1.95369710e-01 4.11894106e-02 1
8.89311912e-01 3.29325726e-01 0
9.15256883e-01 4.40229855e-01 0
-9.84846810e-01 -1.80379739e-02 0
8.49192058e-01 3.66756048e-01 1
1.23861470e+00 -5.17157599e-01 0
1.02059290e-01 1.48442291e-01 0
-4.59384480e-01 7.70246327e-01 1
1.47930776e-01 2.22923412e-01 1
1.01005200e+00 4.19715162e-01 1
1.40029809e-02 4.02192515e-01 0
-1.07364958e+00 2.44774173e-01 0
1.34743671e-01 9.13900854e-01 1
6.48148986e-01 8.44986982e-01 0
-3.96762873e-01 8.33285728e-01 0
1.46887357e+00 -2.23597719e-01 0
-9.84836432e-01 8.41789595e-02 0
2.75777544e-01 -1.88844533e-01 0
3.85676615e-01 -1.97754248e-01 1
1.52280725e+00 -3.77743557e-01 1
-2.46181770e-01 9.31405178e-01 1
6.39113320e-02 2.40440466e-01 0
-7.47297920e-01 5.59853762e-01 0
1.10163236e+00 -4.78330792e-01 0
1.07954865e+00 1.26345859e-01 0
4.37147401e-02 8.59127600e-01 1
1.33701227e+00 -4.34429204e-01 1
1.24428503e+00 -5.88931020e-01 0
1.15183177e-01 1.02481097e+00 0
5.02878932e-01 8.67976003e-01 0
4.04827183e-01 8.22957488e-01 0
1.92542914e+00 2.46530759e-01 1
1.67895392e-01 9.22707072e-01 0
1.55324592e+00 -1.69163677e-01 1
1.35579826e+00 -4.96767973e-01 0
-1.01670472e+00 3.49127776e-01 0
-5.49023275e-01 8.41182226e-01 0
2.75828526e-01 8.87704472e-01 1
-6.40940525e-01 7.33180739e-01 0
-8.95971192e-02 8.73261378e-01 0
6.67643866e-01 7.36060056e-01 1
7.75537698e-01 7.39343567e-01 1
8.61583137e-01 -5.17471024e-01 1
1.97346226e+00 2.68270163e-01 1
9.37557872e-01 1.07109235e-01 1
9.85123018e-03 6.06182656e-01 1
1.52012504e+00 -2.70187683e-01 0
6.12074188e-01 -4.24331643e-01 1
8.59237042e-01 7.12193292e-02 0
-9.71343067e-01 1.91793633e-01 0
-7.54896810e-01 5.30935853e-01 0
-4.84472348e-01 8.99158441e-01 0
9.76402539e-01 5.48168590e-01 1
1.68024667e+00 -2.50058551e-01 1
4.28116406e-01 8.63889407e-01 0
1.20137446e-01 1.98425334e-01 0
1.84777196e+00 1.06276845e-01 1
-1.28664266e-01 9.45226934e-01 0
-6.29423024e-01 7.18026446e-01 1
2.44397059e-01 9.03305710e-01 0
-2.96528545e-01 9.79567994e-01 1
9.45958406e-01 1.14908467e-01 1
1.01531231e-01 3.96883612e-01 0
1.12677086e+00 -5.07523919e-01 1
1.49225320e+00 -4.75430164e-01 0
6.08385234e-01 9.06327498e-01 0
-9.92720360e-01 2.10505096e-01 0
6.43727794e-01 9.01493365e-01 1
1.81597865e+00 -7.19633309e-02 1
1.83439283e+00 8.25148310e-02 1
1.89209051e+00 9.91896091e-02 0
-7.45220061e-01 6.41113368e-01 0
8.08800026e-01 4.24950824e-01 0
5.47600364e-01 -2.66500718e-01 0
1.87389686e+00 3.99464993e-01 0
3.34218833e-01 -2.84121181e-01 1
-1.08879141e+00 1.24369434e-01 1
1.06317890e+00 -5.49232546e-01 0
1.93713571e+00 3.82136788e-03 0
1.89529172e+00 1.09800182e-01 0
6.42248689e-03 9.78772861e-01 0
1.81022481e-01 8.91473323e-01 1
-2.70561633e-01 8.23749372e-01 1
9.27952601e-01 4.01259457e-01 0
7.19165383e-01 6.38661441e-01 1
-9.49893850e-01 1.66853581e-01 0
9.36806982e-01 -4.06330350e-01 0
-8.32869706e-01 3.15715747e-01 0
1.01725284e+00 -5.50199500e-02 1
8.93776000e-02 8.77981092e-01 1
1.60808279e+00 -1.79061770e-01 1
-4.96555032e-01 9.08115615e-01 1
1.47383357e+00 -2.16292245e-01 0
-6.92649260e-01 6.67646908e-01 0
1.47418087e-01 -1.04733691e-02 1
1.68723429e+00 -9.99907463e-02 0
-8.12012990e-01 6.31249303e-01 1
2.63828604e-01 -8.15114168e-02 1
-1.01477387e+00 2.74565233e-02 0
7.70937243e-01 7.82492601e-01 1
9.12351567e-01 -4.67981888e-01 0
1.01999856e-01 2.69294391e-01 1
-3.05942800e-01 1.07202845e+00 1
-8.51176270e-01 6.70735586e-01 0
9.64713178e-02 2.17133183e-01 0
1.10627800e-01 8.14796414e-01 0
-3.61985269e-01 8.80437670e-01 0
1.42532843e-01 7.11391691e-02 1
-9.60093430e-01 5.47496435e-01 1
-4.87001001e-01 7.83378018e-01 1
-9.72686740e-01 4.22072921e-01 1
5.84883147e-01 -3.71285149e-01 1
9.50147883e-01 -3.53638401e-01 1
1.98579527e+00 -2.69596544e-01 0
3.32058497e-01 -1.93291405e-01 1
1.61935913e-01 4.22307673e-01 0
7.55335950e-01 -5.12848288e-01 1
1.53172859e+00 -4.49316674e-01 0
1.41764461e+00 -4.69033981e-01 1
6.58515668e-01 -5.25108664e-01 0
-8.36725304e-01 6.33771875e-01 1
1.74585602e+00 -9.63850663e-02 1
-9.31944626e-01 2.34157171e-01 1
7.35355146e-01 8.46317810e-01 1
1.74714994e+00 -1.05774201e-01 0
1.65477455e+00 -3.11305185e-01 0
8.28577230e-01 -3.45227106e-01 0
8.19188639e-01 7.02900941e-01 0
2.00545605e+00 1.44587390e-01 0
7.29085539e-01 -3.73013269e-01 0
1.05598333e+00 1.74339127e-01 1
5.41971146e-01 -4.68575611e-01 1
5.56928612e-01 -3.30422346e-01 0
8.19574231e-01 -4.00035507e-01 1
9.33847535e-01 2.01455833e-01 1
-8.01778105e-01 5.18603350e-01 1
1.79475654e+00 2.06988772e-01 1
8.70634942e-01 7.34584353e-01 1
-1.28942695e-02 1.08593837e+00 0
1.48947938e+00 -3.48029955e-01 0
1.64819571e+00 -2.66952316e-01 0
-1.31001565e-01 9.89629198e-01 1
1.90054642e+00 3.58190190e-01 1
1.14149334e+00 2.61831000e-01 1
2.42799701e-01 -7.70019259e-02 0
1.48928127e-01 6.62695846e-03 1
8.00109240e-01 3.91551074e-01 0
9.73042756e-01 3.54367124e-01 1
1.56175532e+00 -2.14038123e-01 1
-5.12853511e-02 1.03329287e+00 1
4.23901265e-01 -3.01603482e-01 1
2.04091248e+00 5.03880123e-01 1
-5.98694397e-01 8.69242075e-01 1
4.04709420e-01 -2.05538824e-01 0
1.98303734e+00 3.15562329e-01 1
-5.00632621e-01 9.39445243e-01 1
2.04821771e+00 8.58193188e-02 1
8.49446122e-01 3.72340371e-01 1
1.38701054e+00 -2.61669021e-01 1
-1.41847464e-01 9.68228893e-01 0
1.57563630e+00 -4.43611729e-01 1
8.15366288e-01 5.29809327e-01 0
4.80144474e-01 -3.87318484e-01 0
9.96562442e-01 -5.00199541e-01 0
1.73292314e+00 -2.19021344e-01 1
8.30565078e-01 5.79748078e-01 0
-2.57138287e-01 1.02040665e+00 1
-7.97983054e-01 6.12217904e-01 0
7.42411195e-01 4.83552858e-01 1
-7.17770794e-01 5.39495432e-01 0
-9.06442422e-01 6.19848133e-01 0
1.77607445e+00 -1.18294558e-03 1
3.85142548e-01 8.93146502e-01 1
5.59285863e-01 8.25952549e-01 0
-4.03023305e-01 8.46915558e-01 1
3.68672921e-01 8.76767986e-01 1
5.23474048e-01 -3.69015188e-01 0
8.73690157e-01 6.48293688e-01 0
-6.30168954e-01 8.07928539e-01 0
5.42987582e-01 -4.05399311e-01 0
8.62838898e-04 9.86046132e-01 0
1.66742290e-01 -1.09026047e-01 0
9.35056231e-01 1.50078246e-01 1
-8.57723099e-01 5.26359358e-01 0
3.74195127e-01 9.74952014e-01 0
8.24092488e-01 -5.43591290e-01 1
6.50615403e-01 6.99538673e-01 1
2.58666632e-01 -2.97666451e-02 0
-8.52305328e-01 4.08422172e-01 0
8.67043251e-01 1.06138917e-01 0
-1.07609802e+00 3.94280599e-01 1
8.68042373e-01 5.73789383e-02 0
4.85039796e-01 7.95059552e-01 1
9.51811090e-01 -5.71935029e-01 0
7.92452688e-01 -4.12742693e-01 1
7.19491373e-01 -5.95233083e-01 0
1.80174890e+00 -1.85375036e-01 0
4.38079169e-01 -2.79302764e-01 0
6.91768935e-01 6.42899803e-01 0
1.04683374e+00 3.90335785e-01 0
-8.59594319e-02 9.23849014e-01 0
-4.70554657e-01 9.23412422e-01 1
1.18116740e+00 -5.16675790e-01 0
2.62693861e-01 -2.47100305e-01 1
1.03082376e+00 3.21217446e-01 1
1.43217726e+00 -4.03388509e-01 0
1.08258941e+00 -4.91013108e-01 0
-1.09790379e+00 3.14951976e-01 0
