   1.0918500e+01   4.8896100e+00   1.0000000e+00
   1.2445400e+01   9.7435400e+00   1.0000000e+00
   1.1486900e+01   8.4810900e+00   1.0000000e+00
   1.1358900e+01   1.0262000e+01   1.0000000e+00
   9.1544900e+00   1.0777200e+01   1.0000000e+00
   1.3894300e+01   1.0202300e+01   1.0000000e+00
   1.0308900e+01   7.8211000e+00   0.0000000e+00
   1.0073500e+01   8.4748700e+00   0.0000000e+00
   1.0597200e+01   1.1533200e+01   0.0000000e+00
   9.5800100e+00   7.1836400e+00   0.0000000e+00
   9.2825400e+00   1.0675100e+01   0.0000000e+00
   6.5212000e+00   7.4287900e+00   0.0000000e+00
   1.2721700e+01   1.0574900e+01   0.0000000e+00
   1.2402100e+01   1.0458800e+01   0.0000000e+00
   9.9924100e+00   9.6611100e+00   0.0000000e+00
   1.1121000e+01   8.4455000e+00   0.0000000e+00
   1.1209900e+01   1.1484700e+01   0.0000000e+00
   1.2712700e+01   1.1624000e+01   0.0000000e+00
   6.5313100e+00   9.2482500e+00   0.0000000e+00
   8.1177100e+00   9.0936700e+00   0.0000000e+00
   1.3286000e+01   8.0974100e+00   0.0000000e+00
   1.0219100e+01   1.0165700e+01   0.0000000e+00
   1.0826600e+01   8.6022700e+00   0.0000000e+00
   1.1516500e+01   9.8553100e+00   0.0000000e+00
   9.6994200e+00   9.5623600e+00   0.0000000e+00
   8.1690300e+00   1.0773200e+01   0.0000000e+00
   1.0179000e+01   9.2545100e+00   0.0000000e+00
   9.0949500e+00   6.6175400e+00   0.0000000e+00
   4.1874800e+00   6.7816100e+00   0.0000000e+00
   1.2422600e+01   1.2229900e+01   0.0000000e+00
   1.3796700e+01   1.3508900e+01   0.0000000e+00
   1.0583900e+01   1.0253000e+01   0.0000000e+00
   8.4571700e+00   1.0640700e+01   0.0000000e+00
   9.8627300e+00   1.1203000e+01   0.0000000e+00
   8.7855800e+00   6.3690800e+00   0.0000000e+00
   1.1319900e+01   8.2891600e+00   0.0000000e+00
   9.2271900e+00   1.0289200e+01   0.0000000e+00
   1.2416200e+01   1.3026800e+01   0.0000000e+00
   1.0402000e+01   8.8560500e+00   0.0000000e+00
   9.7351000e+00   1.4328000e+01   0.0000000e+00
   1.0114500e+01   1.1980700e+01   0.0000000e+00
   1.2446300e+01   9.0622500e+00   0.0000000e+00
   8.3765000e+00   9.4822400e+00   0.0000000e+00
   6.9475400e+00   9.4924900e+00   0.0000000e+00
   1.0837800e+01   1.0219200e+01   0.0000000e+00
   9.1932900e+00   1.1755600e+01   0.0000000e+00
   8.7064600e+00   7.8974700e+00   0.0000000e+00
   1.0637300e+01   1.2511200e+01   0.0000000e+00
   9.8984800e+00   1.1646000e+01   0.0000000e+00
   1.1444600e+01   8.1667000e+00   0.0000000e+00
   1.2490100e+01   7.3439000e+00   0.0000000e+00
   9.5061000e+00   1.0759400e+01   0.0000000e+00
   9.1052000e+00   1.0516900e+01   0.0000000e+00
   1.4172900e+01   7.1416100e+00   0.0000000e+00
   1.1802300e+01   9.6158800e+00   0.0000000e+00
   8.5648400e+00   1.0925700e+01   0.0000000e+00
   1.2352300e+01   6.3769600e+00   0.0000000e+00
   7.9028000e+00   9.0817300e+00   0.0000000e+00
   7.1931300e+00   1.1855900e+01   0.0000000e+00
   1.6702800e+01   1.1358900e+01   0.0000000e+00
   1.1138400e+01   7.2274200e+00   0.0000000e+00
   7.8945600e+00   1.0869300e+01   0.0000000e+00
   1.0709300e+01   9.5047900e+00   0.0000000e+00
   1.2034800e+01   5.9874100e+00   0.0000000e+00
   8.9295700e+00   8.9097300e+00   0.0000000e+00
   1.2713400e+01   1.2859200e+01   0.0000000e+00
   1.1375200e+01   1.1138800e+01   0.0000000e+00
   8.4640200e+00   1.3742500e+01   0.0000000e+00
   6.8364100e+00   8.5469600e+00   0.0000000e+00
   9.4634300e+00   9.9733400e+00   0.0000000e+00
   1.2633000e+01   9.7255900e+00   0.0000000e+00
   1.0690600e+01   1.0329900e+01   0.0000000e+00
   8.0750900e+00   9.7056000e+00   0.0000000e+00
   1.0005700e+01   1.0979100e+01   0.0000000e+00
   1.0924100e+01   9.3069600e+00   0.0000000e+00
   8.2502300e+00   8.5650400e+00   0.0000000e+00
   1.2173900e+01   1.1041800e+01   0.0000000e+00
   8.7906000e+00   8.1335300e+00   0.0000000e+00
   1.1190700e+01   1.0950600e+01   0.0000000e+00
   1.2136500e+01   1.0512300e+01   0.0000000e+00
   1.0422900e+01   9.2159500e+00   0.0000000e+00
   7.5341700e+00   7.1874300e+00   0.0000000e+00
   7.2151000e+00   1.1975400e+01   0.0000000e+00
   8.3955300e+00   7.9911000e+00   0.0000000e+00
   1.0394400e+01   8.0261400e+00   0.0000000e+00
   9.0301400e+00   8.5827900e+00   0.0000000e+00
   1.3306700e+01   9.9650000e+00   0.0000000e+00
   1.0576200e+01   9.0064500e+00   0.0000000e+00
   1.0350400e+01   1.3056700e+01   0.0000000e+00
   9.8542800e+00   1.1081800e+01   0.0000000e+00
   8.5760400e+00   8.5872000e+00   0.0000000e+00
   9.9960900e+00   1.0921300e+01   0.0000000e+00
   8.9013900e+00   1.2921000e+01   0.0000000e+00
   1.1745500e+01   7.4901200e+00   0.0000000e+00
   1.1538600e+01   1.0263700e+01   0.0000000e+00
   1.1276900e+01   8.3892900e+00   0.0000000e+00
   1.0294300e+01   1.0270600e+01   0.0000000e+00
   1.3438200e+01   8.7776800e+00   0.0000000e+00
   8.7491800e+00   9.6778400e+00   0.0000000e+00
   1.0378400e+01   8.5874100e+00   0.0000000e+00
   6.6560100e+00   1.0983800e+01   0.0000000e+00
   1.1460700e+01   8.4299200e+00   0.0000000e+00
   9.3788500e+00   7.6157800e+00   0.0000000e+00
   1.2003200e+01   9.9851200e+00   0.0000000e+00
   1.1528200e+01   1.1459500e+01   0.0000000e+00
   8.0266000e+00   1.2256900e+01   0.0000000e+00
   9.0158800e+00   8.0425100e+00   0.0000000e+00
   8.8684100e+00   8.7596700e+00   0.0000000e+00
   5.1908000e+00   1.0710900e+01   0.0000000e+00
   1.1058400e+01   1.1393000e+01   0.0000000e+00
   1.0183500e+01   7.6169900e+00   0.0000000e+00
   9.9020100e+00   1.0760400e+01   0.0000000e+00
   1.1853000e+01   1.1390900e+01   0.0000000e+00
   8.6766200e+00   1.0868400e+01   0.0000000e+00
   1.0242800e+01   1.0606800e+01   0.0000000e+00
   1.1002100e+01   8.4010800e+00   0.0000000e+00
   1.1235000e+01   9.8973300e+00   0.0000000e+00
   9.3360000e+00   1.3571000e+01   0.0000000e+00
   1.1727500e+01   8.1497000e+00   0.0000000e+00
   8.3669100e+00   7.3162800e+00   0.0000000e+00
   1.0567900e+01   7.9175100e+00   0.0000000e+00
   9.2613200e+00   8.9756000e+00   0.0000000e+00
   1.1424600e+01   8.6089800e+00   0.0000000e+00
   1.1069200e+01   1.0598600e+01   0.0000000e+00
   9.7567900e+00   7.9155000e+00   0.0000000e+00
   6.0935900e+00   1.1528500e+01   0.0000000e+00
   1.0937000e+01   1.0334000e+01   0.0000000e+00
   6.8237100e+00   7.2137900e+00   0.0000000e+00
   1.0504400e+01   1.1344400e+01   0.0000000e+00
   5.3728900e+00   1.1232100e+01   0.0000000e+00
   9.1677600e+00   1.0460700e+01   0.0000000e+00
   1.0828700e+01   1.1320800e+01   0.0000000e+00
   8.1633800e+00   9.2992100e+00   0.0000000e+00
   1.0218400e+01   8.3064600e+00   0.0000000e+00
   1.0230800e+01   1.0890400e+01   0.0000000e+00
   9.5404600e+00   1.4026100e+01   0.0000000e+00
   8.6844300e+00   9.6134700e+00   0.0000000e+00
   1.1087500e+01   1.1807600e+01   0.0000000e+00
   1.2455200e+01   1.2431100e+01   0.0000000e+00
   9.9118500e+00   8.3594300e+00   0.0000000e+00
   1.5186100e+01   9.3504800e+00   0.0000000e+00
   8.6052600e+00   9.0420500e+00   0.0000000e+00
   1.0257900e+01   8.9706300e+00   0.0000000e+00
   1.0276300e+01   1.1638300e+01   0.0000000e+00
   8.5284500e+00   1.0804700e+01   0.0000000e+00
   1.0043300e+01   8.9056600e+00   0.0000000e+00
   1.1118700e+01   7.1431400e+00   0.0000000e+00
   1.0911300e+01   1.1606700e+01   0.0000000e+00
   1.4001200e+01   7.2118100e+00   0.0000000e+00
   1.3295200e+01   1.1518300e+01   0.0000000e+00
   8.0228700e+00   1.0711100e+01   0.0000000e+00
   8.4175400e+00   9.3171100e+00   0.0000000e+00
   1.2215200e+01   9.7910200e+00   0.0000000e+00
   5.4052700e+00   1.3060900e+01   0.0000000e+00
   1.0284100e+01   1.0497700e+01   0.0000000e+00
   7.4177100e+00   8.3087000e+00   0.0000000e+00
   7.4892600e+00   1.2603800e+01   0.0000000e+00
   6.2540000e+00   8.2733900e+00   0.0000000e+00
   5.5348300e+00   1.0475200e+01   0.0000000e+00
   5.8825700e+00   6.8029500e+00   0.0000000e+00
   1.0342000e+01   1.2351700e+01   0.0000000e+00
   1.0723400e+01   6.6888200e+00   0.0000000e+00
   7.5984700e+00   8.1914300e+00   0.0000000e+00
   6.6883300e+00   9.0567200e+00   0.0000000e+00
   1.0146200e+01   1.0375400e+01   0.0000000e+00
   9.4738900e+00   7.4451700e+00   0.0000000e+00
   1.1649700e+01   1.2433600e+01   0.0000000e+00
   1.0190700e+01   9.0238600e+00   0.0000000e+00
   8.3776200e+00   9.8629000e+00   0.0000000e+00
   7.0860200e+00   8.0674900e+00   0.0000000e+00
   8.9980000e+00   1.1055200e+01   0.0000000e+00
   1.1194300e+01   1.0317600e+01   0.0000000e+00
   9.0129500e+00   8.6525900e+00   0.0000000e+00
   9.1329800e+00   1.2172000e+01   0.0000000e+00
   8.6729100e+00   1.2682300e+01   0.0000000e+00
   1.1372200e+01   9.3300400e+00   0.0000000e+00
   8.1578000e+00   7.1448400e+00   0.0000000e+00
   1.3673000e+01   1.0227100e+01   0.0000000e+00
   6.4602800e+00   8.1737300e+00   0.0000000e+00
   8.9299100e+00   1.3319500e+01   0.0000000e+00
   8.8441000e+00   1.1165200e+01   0.0000000e+00
   7.9919400e+00   1.2425300e+01   0.0000000e+00
   9.4332600e+00   1.1289100e+01   0.0000000e+00
   9.5783500e+00   1.3299000e+01   0.0000000e+00
   9.2662700e+00   9.1236400e+00   0.0000000e+00
   1.0355600e+01   1.1702300e+01   0.0000000e+00
   7.7911800e+00   1.1949700e+01   0.0000000e+00
   9.7848400e+00   1.0751100e+01   0.0000000e+00
   8.6166400e+00   8.7806600e+00   0.0000000e+00
   7.1225600e+00   8.5197600e+00   0.0000000e+00
   1.3191000e+01   1.1362600e+01   0.0000000e+00
   7.5230900e+00   1.1043100e+01   0.0000000e+00
   9.9078300e+00   1.0562100e+01   0.0000000e+00
   1.1220900e+01   1.1737700e+01   0.0000000e+00
   1.0404500e+01   1.0053400e+01   0.0000000e+00
   8.3508300e+00   1.0735600e+01   0.0000000e+00
   1.1818900e+01   8.3248000e+00   0.0000000e+00
   9.6541700e+00   1.0316000e+01   0.0000000e+00
   6.3665600e+00   1.2077200e+01   0.0000000e+00
   1.2205700e+01   8.4948900e+00   0.0000000e+00
   1.3378700e+01   1.2519900e+01   0.0000000e+00
   9.8382800e+00   9.4311000e+00   0.0000000e+00
   1.0511800e+01   1.0148000e+01   0.0000000e+00
   9.8912700e+00   1.1047400e+01   0.0000000e+00
   9.0202000e+00   9.2073700e+00   0.0000000e+00
   1.0321500e+01   1.2182300e+01   0.0000000e+00
   1.0189400e+01   9.6134800e+00   0.0000000e+00
   9.0220000e+00   8.0958300e+00   0.0000000e+00
   1.3251100e+01   8.7982000e+00   0.0000000e+00
   8.1868900e+00   1.0602400e+01   0.0000000e+00
   1.3024400e+01   1.0357700e+01   0.0000000e+00
   1.1122400e+01   8.1354100e+00   0.0000000e+00
   1.1920000e+01   1.0939300e+01   0.0000000e+00
   7.9665200e+00   1.0873000e+01   0.0000000e+00
   1.4006800e+01   1.1528700e+01   0.0000000e+00
   9.9876800e+00   1.3438000e+01   0.0000000e+00
   7.8547400e+00   1.0864800e+01   0.0000000e+00
   1.0700100e+01   1.0878200e+01   0.0000000e+00
   1.0038300e+01   7.7114300e+00   0.0000000e+00
   1.1232800e+01   9.6190000e+00   0.0000000e+00
   1.0980500e+01   8.9849600e+00   0.0000000e+00
   1.1813200e+01   8.1498300e+00   0.0000000e+00
   1.0750400e+01   1.1291600e+01   0.0000000e+00
   1.1402300e+01   9.8321900e+00   0.0000000e+00
   1.0309400e+01   1.0656700e+01   0.0000000e+00
   8.7931100e+00   9.7193200e+00   0.0000000e+00
   7.6455800e+00   9.7541500e+00   0.0000000e+00
   1.0487200e+01   1.1942200e+01   0.0000000e+00
   8.2985600e+00   1.4711400e+01   0.0000000e+00
   8.7537500e+00   7.5869800e+00   0.0000000e+00
   1.1357000e+01   9.4891200e+00   0.0000000e+00
   1.0676100e+01   9.7199700e+00   0.0000000e+00
   9.8111400e+00   8.1137500e+00   0.0000000e+00
   1.4458800e+01   9.6878700e+00   0.0000000e+00
   6.0314000e+00   9.3301000e+00   0.0000000e+00
   6.9159600e+00   6.8957000e+00   0.0000000e+00
   1.1347600e+01   5.8583300e+00   0.0000000e+00
   9.6139700e+00   7.9354400e+00   0.0000000e+00
   9.1418600e+00   1.2840800e+01   0.0000000e+00
   6.8102200e+00   8.2292900e+00   0.0000000e+00
   8.0812300e+00   9.7472800e+00   0.0000000e+00
   8.3136100e+00   1.2250900e+01   0.0000000e+00
   8.6334200e+00   7.4519000e+00   0.0000000e+00
   9.0605100e+00   9.7340600e+00   0.0000000e+00
   9.5188600e+00   9.1522100e+00   0.0000000e+00
   7.5213600e+00   1.1099600e+01   0.0000000e+00
   1.0054500e+01   9.9998200e+00   0.0000000e+00
   9.5676600e+00   1.1641400e+01   0.0000000e+00
   9.2284600e+00   7.6722100e+00   0.0000000e+00
   6.6060200e+00   1.0429800e+01   0.0000000e+00
   1.2371000e+01   2.9627300e+00   1.0000000e+00
   1.1795800e+01  -2.3475600e+00   1.0000000e+00
   1.1974600e+01  -5.3127900e+00   1.0000000e+00
   1.1085300e+01   1.9301500e+00   1.0000000e+00
   1.0777600e+01  -1.3112600e+00   1.0000000e+00
   1.1369100e+01  -6.4447100e-01   1.0000000e+00
   8.5267800e+00   3.7323800e-01   1.0000000e+00
   1.3718100e+01   1.1512100e+00   1.0000000e+00
   1.0538100e+01   3.0354900e+00   1.0000000e+00
   4.7882200e+00   9.4280800e-01   1.0000000e+00
   9.4164700e+00   1.4534700e+00   1.0000000e+00
   1.3536600e+01   5.0745800e-01   1.0000000e+00
   8.8580800e+00   1.4802200e+00   1.0000000e+00
   1.2165400e+01   1.1655100e+00   1.0000000e+00
   7.3783600e+00   2.6206100e+00   1.0000000e+00
   1.1886200e+01   1.4046100e+00   1.0000000e+00
   1.0951600e+01   4.9888400e-01   1.0000000e+00
   8.9318900e+00   1.6469600e+00   1.0000000e+00
   8.4919600e+00   2.2168500e+00   1.0000000e+00
   9.7840500e+00   2.4544500e+00   1.0000000e+00
   9.4858800e+00  -4.3164200e-01   1.0000000e+00
   8.8589900e+00   9.2006400e-01   1.0000000e+00
   1.2953400e+01   3.5624900e+00   1.0000000e+00
   1.0157800e+01   2.5951500e+00   1.0000000e+00
   9.7818500e+00   3.9086700e-01   1.0000000e+00
   8.9565800e+00   3.2487900e+00   1.0000000e+00
   9.3128100e+00  -3.3229100e+00   1.0000000e+00
   1.0212900e+01  -3.9540500e-01   1.0000000e+00
   9.9068700e+00   4.5910500e+00   1.0000000e+00
   1.0820400e+01   5.3244700e-01   1.0000000e+00
   1.2547700e+01  -3.7232300e-01   1.0000000e+00
   1.2240300e+01   5.7833400e+00   1.0000000e+00
   9.4906300e+00  -2.3702100e-01   1.0000000e+00
   6.1630800e+00   7.4265700e-01   1.0000000e+00
   6.7680800e+00   4.7157100e-01   1.0000000e+00
   1.0110800e+01  -1.5386300e+00   1.0000000e+00
   9.2471600e+00  -6.5223700e-01   1.0000000e+00
   8.7612900e+00  -7.9233500e-01   1.0000000e+00
   7.9272700e+00   1.1806300e+00   1.0000000e+00
   7.7580200e+00   5.1143300e-01   1.0000000e+00
   5.7787400e+00   1.1441800e+00   1.0000000e+00
   1.0884100e+01  -1.0958900e+00   1.0000000e+00
   1.3573100e+01   1.4455000e+00   1.0000000e+00
   1.1342900e+01   1.4202600e+00   1.0000000e+00
   1.2073800e+01  -4.6950100e-01   1.0000000e+00
   9.9052400e+00   7.3089200e-01   1.0000000e+00
   7.5521200e+00  -3.1374000e+00   1.0000000e+00
   9.9985600e+00  -1.0341700e+00   1.0000000e+00
   7.1144400e+00   3.0378700e+00   1.0000000e+00
   1.2596700e+01   5.8617600e-01   1.0000000e+00
   1.1631200e+01  -9.6657700e-01   1.0000000e+00
   8.3602900e+00  -5.3747100e-01   1.0000000e+00
   8.2477700e+00   3.2089700e-01   1.0000000e+00
   1.4137500e+01   1.5169300e+00   1.0000000e+00
   1.1789800e+01  -3.7675600e-01   1.0000000e+00
   1.0705200e+01   7.6428700e-01   1.0000000e+00
   8.7077800e+00   5.4131100e-01   1.0000000e+00
   1.3240400e+01  -8.0099800e-02   1.0000000e+00
   1.1029400e+01  -7.6050300e-01   1.0000000e+00
   1.0906400e+01   2.9520600e+00   1.0000000e+00
   1.2575700e+01  -2.4002300e-01   1.0000000e+00
   1.2685400e+01  -2.6942500e+00   1.0000000e+00
   1.4598300e+01  -2.8307600e-01   1.0000000e+00
   7.9128500e+00  -1.6832900e+00   1.0000000e+00
   1.0449400e+01   7.9631200e-01   1.0000000e+00
   1.2250800e+01  -2.0094600e+00   1.0000000e+00
   7.7748800e+00   1.3142000e+00   1.0000000e+00
   9.0697500e+00  -9.1911900e-01   1.0000000e+00
   7.0553300e+00   2.1035900e+00   1.0000000e+00
   6.1787000e+00   7.0732300e-01   1.0000000e+00
   1.0573900e+01  -7.6694100e-01   1.0000000e+00
   1.3217800e+01  -6.3944000e-01   1.0000000e+00
   1.0748900e+01  -5.0738300e-01   1.0000000e+00
   6.9179400e+00   1.9847900e+00   1.0000000e+00
   1.0550200e+01   1.3473400e-01   1.0000000e+00
   1.0002900e+01   5.9525900e-01   1.0000000e+00
   8.6771600e+00   1.6927300e+00   1.0000000e+00
   8.4369700e+00  -5.1146100e-01   1.0000000e+00
   1.1799800e+01   5.8746800e-01   1.0000000e+00
   1.2422200e+01  -2.9700200e-01   1.0000000e+00
   9.6595700e+00   2.7343400e+00   1.0000000e+00
   1.2863600e+01  -2.4242600e+00   1.0000000e+00
   1.2043500e+01   2.3401600e+00   1.0000000e+00
   1.1858900e+01   2.1458700e+00   1.0000000e+00
   1.1181200e+01  -3.4744000e+00   1.0000000e+00
   1.0130400e+01   2.8390400e+00   1.0000000e+00
   8.0494800e+00   2.8808800e-01   1.0000000e+00
   1.1090900e+01   5.4700500e-01   1.0000000e+00
   1.1071400e+01  -3.1119600e-02   1.0000000e+00
   7.0856800e+00   4.2672900e-01   1.0000000e+00
   8.8258000e+00   1.7417200e+00   1.0000000e+00
   1.0407600e+01   2.1159600e+00   1.0000000e+00
   1.0107900e+01  -9.1319200e-01   1.0000000e+00
   8.9117600e+00   1.9096300e+00   1.0000000e+00
   1.0508500e+01  -1.8050500e+00   1.0000000e+00
   1.2332200e+01   2.5865200e+00   1.0000000e+00
   8.6537800e+00  -1.0067300e+00   1.0000000e+00
   1.1597800e+01   1.3469000e+00   1.0000000e+00
   7.5666300e+00   2.9090900e+00   1.0000000e+00
   8.7718100e+00  -2.2618700e+00   1.0000000e+00
   7.3841600e+00   1.6086300e+00   1.0000000e+00
   7.5691800e+00  -3.4508100e-01   1.0000000e+00
   5.9269500e+00   2.8635300e+00   1.0000000e+00
   8.4566600e+00   2.0388200e+00   1.0000000e+00
   1.1333300e+01  -8.1298400e-01   1.0000000e+00
   1.0928600e+01  -3.6139400e-01   1.0000000e+00
   8.2371100e+00  -1.0172400e+00   1.0000000e+00
   9.1735400e+00  -1.3903400e+00   1.0000000e+00
   1.0656500e+01  -3.9856500e+00   1.0000000e+00
   9.0987300e+00   1.8507200e+00   1.0000000e+00
   1.1960700e+01  -3.9854400e-01   1.0000000e+00
   9.7646000e+00  -1.3707000e+00   1.0000000e+00
   1.3026500e+01  -1.3626100e+00   1.0000000e+00
   1.1715500e+01  -5.9917500e-01   1.0000000e+00
   1.1017300e+01   1.2462400e+00   1.0000000e+00
   8.7460800e+00   2.3123900e+00   1.0000000e+00
   6.3094200e+00   3.8983800e-01   1.0000000e+00
   1.0293900e+01  -1.1942000e-01   1.0000000e+00
   1.5921200e+01  -2.0314600e+00   1.0000000e+00
   8.1392900e+00   2.7612800e+00   1.0000000e+00
   1.1277900e+01  -8.3963300e-02   1.0000000e+00
   6.8437200e+00   9.7786700e-01   1.0000000e+00
   8.9206600e+00  -5.3477400e-01   1.0000000e+00
   8.3679700e+00  -1.4536100e+00   1.0000000e+00
   9.0455600e+00  -1.2398100e+00   1.0000000e+00
   1.1537600e+01   1.1752200e+00   1.0000000e+00
   8.0687600e+00  -2.1894900e+00   1.0000000e+00
   1.0690500e+01   5.3878600e+00   1.0000000e+00
   9.9287300e+00  -1.7217500e+00   1.0000000e+00
   9.9190200e+00   1.3930700e+00   1.0000000e+00
   1.0391900e+01   1.1825300e+00   1.0000000e+00
   1.0168300e+01  -3.0694700e-01   1.0000000e+00
   1.0240200e+01  -2.1313900e+00   1.0000000e+00
   9.7396000e+00   2.4521200e+00   1.0000000e+00
   7.9676700e+00   4.9956900e-01   1.0000000e+00
   8.9436400e+00  -1.7579700e+00   1.0000000e+00
   1.0928100e+01   3.6732500e-02   1.0000000e+00
   9.6653300e+00   3.0205900e-01   1.0000000e+00
   5.8071000e+00  -2.5944700e-01   1.0000000e+00
   1.2432200e+01   6.1357600e-01   1.0000000e+00
   8.6895400e+00  -8.4996000e-01   1.0000000e+00
   1.3212600e+01   7.8701400e-02   1.0000000e+00
   9.9386600e+00   4.3704100e+00   1.0000000e+00
   5.7992000e+00   4.3467100e+00   1.0000000e+00
   9.6144000e+00   3.1434600e+00   1.0000000e+00
   1.0995000e+01  -3.2548200e-01   1.0000000e+00
   1.1211800e+01  -4.1580100e+00   1.0000000e+00
   1.3911300e+01  -3.7464900e+00   1.0000000e+00
   9.3922700e+00  -2.4999600e+00   1.0000000e+00
   1.2756100e+01   2.1717700e+00   1.0000000e+00
   1.2366800e+01   1.6264100e+00   1.0000000e+00
   5.7929200e+00  -2.3797400e+00   1.0000000e+00
   8.8283700e+00   4.2529500e+00   1.0000000e+00
   1.3753300e+01   1.5544300e+00   1.0000000e+00
   9.1585100e+00   1.4039500e+00   1.0000000e+00
   6.3561800e+00  -1.2333500e+00   1.0000000e+00
   9.1988900e+00  -2.6311500e+00   1.0000000e+00
   6.8193400e+00   8.9012900e-02   1.0000000e+00
   8.5194600e+00  -1.0028100e+00   1.0000000e+00
   1.1157600e+01   5.1651700e-01   1.0000000e+00
   9.0790000e+00   1.0758200e+00   1.0000000e+00
   9.9650300e+00   2.5953900e+00   1.0000000e+00
   1.3173800e+01   2.0850700e+00   1.0000000e+00
   1.0473300e+01  -2.3246200e+00   1.0000000e+00
   9.1276800e+00   1.3403100e+00   1.0000000e+00
   9.6228700e+00  -1.5143800e-01   1.0000000e+00
   1.0832400e+01  -6.2079800e-03   1.0000000e+00
   8.6403200e+00  -8.4230600e-01   1.0000000e+00
   1.0452600e+01   3.8155500e+00   1.0000000e+00
   5.9835200e+00  -9.2947900e-01   1.0000000e+00
   7.6974100e+00   4.2056300e-01   1.0000000e+00
   7.3263500e+00   4.6816400e+00   1.0000000e+00
   9.8725600e+00  -1.9909300e+00   1.0000000e+00
   1.0095400e+01  -2.5135200e+00   1.0000000e+00
   1.3749800e+01  -3.1086500e+00   1.0000000e+00
   6.7165600e+00   6.7455000e-01   1.0000000e+00
   1.4202700e+01  -2.3318500e+00   1.0000000e+00
   7.8661100e+00  -2.4652200e+00   1.0000000e+00
   5.8556700e+00   8.0482700e-01   1.0000000e+00
   1.4613600e+01  -1.9628400e+00   1.0000000e+00
   9.0273400e+00   7.6052400e-01   1.0000000e+00
   1.0787400e+01   3.2437700e+00   1.0000000e+00
   9.8826900e+00  -5.8761100e-01   1.0000000e+00
   8.1060500e+00   9.9617100e-01   1.0000000e+00
   1.2633200e+01  -1.1292600e+00   1.0000000e+00
   6.0814600e+00   9.9598500e-01   1.0000000e+00
   5.8093900e+00   5.6764200e-01   1.0000000e+00
   1.0207700e+01  -3.5309600e+00   1.0000000e+00
   1.2801800e+01  -1.0991900e+00   1.0000000e+00
   9.0973100e+00   1.2086000e+00   1.0000000e+00
   5.7765600e+00  -9.6584200e-01   1.0000000e+00
   1.0607000e+01  -2.5329200e+00   1.0000000e+00
   1.1387500e+01   8.6125700e-01   1.0000000e+00
   1.2921900e+01  -8.7796200e-01   1.0000000e+00
   9.3969700e+00  -3.0199200e-02   1.0000000e+00
   9.8843900e+00  -2.3101800e+00   1.0000000e+00
   9.1994100e+00   1.8252700e+00   1.0000000e+00
   7.2617700e+00  -2.3373900e+00   1.0000000e+00
   1.0575400e+01  -1.4952800e+00   1.0000000e+00
   9.7329200e+00   8.5133800e-01   1.0000000e+00
   8.2757700e+00  -1.6822400e+00   1.0000000e+00
   7.8665500e+00   2.1692400e+00   1.0000000e+00
   1.1270400e+01   1.2558200e+00   1.0000000e+00
   9.3880300e+00   3.5768600e-01   1.0000000e+00
   1.2140800e+01  -7.8988000e-01   1.0000000e+00
   1.0599000e+01  -4.4973800e-01   1.0000000e+00
   7.1348800e+00  -3.9498500e+00   1.0000000e+00
   1.0901900e+01  -2.6226200e+00   1.0000000e+00
   1.0892600e+01  -1.0007500e+00   1.0000000e+00
   1.0253900e+01   3.2753000e+00   1.0000000e+00
   1.0072000e+01   2.0931500e+00   1.0000000e+00
   6.1381000e+00  -3.9366800e+00   1.0000000e+00
   9.1971800e+00   2.1570000e-01   1.0000000e+00
   9.8255900e+00   1.7125500e+00   1.0000000e+00
   8.4797600e+00  -2.0798900e+00   1.0000000e+00
   1.2526700e+01   1.7998200e+00   1.0000000e+00
   1.1894400e+01   5.6001900e-01   1.0000000e+00
   1.0614000e+01  -4.4396200e+00   1.0000000e+00
   1.2263300e+01   5.8275100e-01   1.0000000e+00
   8.0344400e+00  -2.2674800e-01   1.0000000e+00
   1.5204200e+01  -4.8522000e-01   1.0000000e+00
   1.3455100e+01  -7.1879900e-01   1.0000000e+00
   7.0912000e+00  -6.2014000e-01   1.0000000e+00
   1.1160600e+01  -2.1206900e+00   1.0000000e+00
   6.3125000e+00   3.0796100e+00   1.0000000e+00
   7.8276200e+00   4.0684900e+00   1.0000000e+00
   1.0662400e+01  -4.3419800e+00   1.0000000e+00
   1.5081000e+01   1.3535700e-01   1.0000000e+00
   6.5239200e+00  -3.2058700e+00   1.0000000e+00
   6.6783800e+00   1.6851500e-02   1.0000000e+00
   1.1853800e+01  -1.0130200e+00   1.0000000e+00
   1.0103000e+01  -7.6666700e-01   1.0000000e+00
   1.1673900e+01   1.5037700e-01   1.0000000e+00
   8.6148600e+00   1.9478300e+00   1.0000000e+00
   9.6582500e+00  -3.9909100e+00   1.0000000e+00
   9.2117800e+00  -3.8923200e+00   1.0000000e+00
   9.6888700e+00   3.2567300e+00   1.0000000e+00
   8.1720700e+00   9.3416400e-01   1.0000000e+00
   9.5315900e+00  -2.4833500e+00   1.0000000e+00
   1.2814400e+01   8.0242800e-01   1.0000000e+00
   1.0115700e+01  -2.2604400e+00   1.0000000e+00
   6.8861500e+00   3.2686600e+00   1.0000000e+00
   7.7017000e+00   4.0234500e-01   1.0000000e+00
   1.1060000e+01  -1.1084400e+00   1.0000000e+00
   9.4230600e+00   3.4284000e+00   1.0000000e+00
   3.7644400e+00   2.8771100e+00   1.0000000e+00
   1.1866900e+01  -3.8338900e-01   1.0000000e+00
   9.2176300e+00  -2.9053000e+00   1.0000000e+00
   1.0333300e+01  -5.1062900e-01   1.0000000e+00
   6.1213200e+00  -8.1295900e-02   1.0000000e+00
   3.0672700e-01   1.1315100e+01   2.0000000e+00
   5.1709500e+00   1.1855100e+01   2.0000000e+00
   1.9961200e+00   1.0197300e+01   2.0000000e+00
   1.0718800e+00   1.2911600e+01   2.0000000e+00
  -1.6621200e+00   1.0647800e+01   2.0000000e+00
   8.0120200e-01   1.0970000e+01   2.0000000e+00
  -8.8534800e-01   1.0952100e+01   2.0000000e+00
   1.9252400e+00   7.1356000e+00   2.0000000e+00
  -5.4558000e+00   1.0929800e+01   2.0000000e+00
   2.8024300e+00   6.5213900e+00   2.0000000e+00
   1.7675900e+00   1.0334200e+01   2.0000000e+00
   1.7113600e+00   1.3124100e+01   2.0000000e+00
  -1.9415300e+00   1.0367600e+01   2.0000000e+00
   2.1026700e+00   1.0131600e+01   2.0000000e+00
   1.0285300e+00   8.1414500e+00   2.0000000e+00
   3.0764000e+00   1.0178400e+01   2.0000000e+00
  -2.6207500e+00   9.6206100e+00   2.0000000e+00
  -6.3794000e-01   1.0067200e+01   2.0000000e+00
   2.4267500e+00   1.1480800e+01   2.0000000e+00
   4.4374800e+00   9.6463400e+00   2.0000000e+00
   4.8258500e-01   8.8452200e+00   2.0000000e+00
   1.2292200e+00   9.1782500e+00   2.0000000e+00
   1.3558500e+00   7.6193600e+00   2.0000000e+00
   1.8757900e+00   5.6514000e+00   2.0000000e+00
  -9.7168400e-01   8.6347800e+00   2.0000000e+00
   1.6078500e+00   8.2343500e+00   2.0000000e+00
   3.3741300e+00   7.6769700e+00   2.0000000e+00
   1.2992800e+00   9.7425200e+00   2.0000000e+00
   2.9451200e+00   7.1024300e+00   2.0000000e+00
  -9.7803600e-01   9.5596500e+00   2.0000000e+00
  -1.5967500e+00   9.3973000e+00   2.0000000e+00
  -6.4509500e-01   5.6989600e+00   2.0000000e+00
  -1.7163100e+00   1.0741000e+01   2.0000000e+00
  -7.9678200e-01   8.7493700e+00   2.0000000e+00
  -7.1533200e-01   9.1718900e+00   2.0000000e+00
  -1.1366500e+00   8.5510100e+00   2.0000000e+00
   1.6635100e+00   1.0827700e+01   2.0000000e+00
  -2.4871000e+00   1.0846200e+01   2.0000000e+00
   2.4691900e-01   8.0003200e+00   2.0000000e+00
  -5.4144700e-01   1.1212900e+01   2.0000000e+00
   1.7865400e+00   1.2931200e+01   2.0000000e+00
  -4.7789700e-01   1.0980800e+01   2.0000000e+00
  -3.3677700e+00   9.2118000e+00   2.0000000e+00
   2.9040500e+00   9.0624200e+00   2.0000000e+00
  -1.6034800e+00   1.0628000e+01   2.0000000e+00
   3.1275600e+00   1.3245300e+01   2.0000000e+00
   1.4550700e+00   9.7638700e+00   2.0000000e+00
   2.2268000e+00   1.0358500e+01   2.0000000e+00
   2.3476100e+00   1.0545900e+01   2.0000000e+00
  -8.3034400e-01   9.4859800e+00   2.0000000e+00
   1.3224600e+00   1.0371800e+01   2.0000000e+00
  -1.6748200e-01   8.6478400e+00   2.0000000e+00
  -1.6234600e+00   9.9916800e+00   2.0000000e+00
   7.8608800e-01   8.0954500e+00   2.0000000e+00
  -1.7113200e+00   1.0799800e+01   2.0000000e+00
  -3.2248600e+00   1.2036900e+01   2.0000000e+00
   8.6568600e-01   8.1595100e+00   2.0000000e+00
  -2.0248400e-01   8.1348700e+00   2.0000000e+00
   1.2554400e+00   1.0671000e+01   2.0000000e+00
  -1.1729600e+00   9.7172100e+00   2.0000000e+00
   1.0391900e-01   8.8975200e+00   2.0000000e+00
   3.0577900e+00   1.0790500e+01   2.0000000e+00
  -3.4837900e-01   8.5548000e+00   2.0000000e+00
  -5.9676800e-02   7.6284300e+00   2.0000000e+00
  -2.1469200e+00   1.1856400e+01   2.0000000e+00
  -7.5199600e-01   1.1525100e+01   2.0000000e+00
   1.3524600e+00   1.1509100e+01   2.0000000e+00
   4.3945200e+00   8.9004700e+00   2.0000000e+00
   3.6268600e+00   1.2816600e+01   2.0000000e+00
  -4.1210300e-01   7.9030700e+00   2.0000000e+00
  -1.9818900e+00   1.2267400e+01   2.0000000e+00
  -2.3068900e+00   8.8360100e+00   2.0000000e+00
  -4.9352700e+00   8.0573400e+00   2.0000000e+00
   2.1736500e+00   1.0075200e+01   2.0000000e+00
   2.1612800e+00   1.3556300e+01   2.0000000e+00
  -9.4996100e-01   1.2150500e+01   2.0000000e+00
  -4.7364600e+00   9.3571900e+00   2.0000000e+00
  -9.6191700e-01   5.9023800e+00   2.0000000e+00
   5.4409700e-01   8.0225500e+00   2.0000000e+00
   2.3978600e+00   9.7845400e+00   2.0000000e+00
   1.0523600e+00   9.7787500e+00   2.0000000e+00
  -7.5382700e-01   7.1009600e+00   2.0000000e+00
   9.8034600e-01   9.6945700e+00   2.0000000e+00
   7.4289700e-01   9.0542100e+00   2.0000000e+00
   1.7696600e-01   8.6446800e+00   2.0000000e+00
  -1.2832200e+00   1.1856400e+01   2.0000000e+00
   1.0657800e+00   7.0250100e+00   2.0000000e+00
  -2.6174300e+00   9.1788700e+00   2.0000000e+00
  -1.7091500e+00   8.9511900e+00   2.0000000e+00
   1.1219000e+00   1.1228600e+01   2.0000000e+00
  -1.3468800e+00   9.9333000e+00   2.0000000e+00
   1.1559100e-01   1.1497200e+01   2.0000000e+00
   3.1678200e+00   1.1672900e+01   2.0000000e+00
   9.7648700e-01   9.8264800e+00   2.0000000e+00
   2.4883300e+00   1.1877100e+01   2.0000000e+00
  -9.4583400e-01   1.1013800e+01   2.0000000e+00
  -1.2748300e+00   1.0069900e+01   2.0000000e+00
  -1.6733600e-01   1.0024200e+01   2.0000000e+00
   3.2145800e+00   1.2270900e+01   2.0000000e+00
   1.0593800e+00   1.0766300e+01   2.0000000e+00
  -2.1097700e+00   1.0865300e+01   2.0000000e+00
  -4.2784000e-01   9.9779600e+00   2.0000000e+00
  -2.7922200e+00   1.1138300e+01   2.0000000e+00
  -2.8174200e-01   1.1118600e+01   2.0000000e+00
   2.9522800e+00   1.0828900e+01   2.0000000e+00
  -9.2679500e-01   1.0233500e+01   2.0000000e+00
   1.4331400e+00   9.7547100e+00   2.0000000e+00
   6.8911500e-01   1.2776400e+01   2.0000000e+00
   1.1800000e-01   9.1039000e+00   2.0000000e+00
   4.4750500e-01   8.9024700e+00   2.0000000e+00
   2.8698000e+00   8.0639300e+00   2.0000000e+00
  -1.5733000e+00   8.0775900e+00   2.0000000e+00
  -2.9020400e+00   1.2821300e+01   2.0000000e+00
   2.4412900e+00   1.0993800e+01   2.0000000e+00
   6.4187800e-02   5.7939900e+00   2.0000000e+00
  -1.6965300e+00   1.4200000e+01   2.0000000e+00
  -9.5583700e-01   1.3459800e+01   2.0000000e+00
  -1.0843100e+00   1.0986400e+01   2.0000000e+00
  -1.1756900e-01   7.9429900e+00   2.0000000e+00
  -4.0603200e+00   9.0222000e+00   2.0000000e+00
   1.8145600e+00   1.3642700e+01   2.0000000e+00
  -7.0764600e-01   8.5557000e+00   2.0000000e+00
  -6.8390500e-01   9.6554900e+00   2.0000000e+00
   1.8975700e+00   8.4451500e+00   2.0000000e+00
   1.6762400e+00   1.1177000e+01   2.0000000e+00
  -1.2657100e-01   8.5235000e+00   2.0000000e+00
  -9.1573800e-02   7.8463900e+00   2.0000000e+00
  -1.9185700e+00   9.0797200e+00   2.0000000e+00
   2.7052000e+00   1.4647700e+01   2.0000000e+00
  -1.1570000e+00   9.8348800e+00   2.0000000e+00
  -1.6682800e+00   9.4995600e+00   2.0000000e+00
   3.0644200e+00   9.8626600e+00   2.0000000e+00
   1.6966800e+00   6.3480600e+00   2.0000000e+00
   6.7713000e-01   9.5093600e+00   2.0000000e+00
   9.3083600e-01   1.2113300e+01   2.0000000e+00
  -2.0641000e+00   1.1246800e+01   2.0000000e+00
  -5.1148100e-01   1.1002200e+01   2.0000000e+00
   2.7704400e+00   1.0814500e+01   2.0000000e+00
   2.6641800e+00   1.0533000e+01   2.0000000e+00
  -2.4552000e+00   1.2807300e+01   2.0000000e+00
  -1.2747600e+00   9.7747100e+00   2.0000000e+00
   1.6013900e+00   9.1119100e+00   2.0000000e+00
  -3.4329400e-02   1.2143600e+01   2.0000000e+00
  -3.0706000e-01   7.0176600e+00   2.0000000e+00
  -1.7515800e+00   1.1152800e+01   2.0000000e+00
   6.8445500e-01   1.0428500e+01   2.0000000e+00
   2.5237600e-01   1.1223600e+01   2.0000000e+00
  -1.5174400e+00   1.1989400e+01   2.0000000e+00
  -2.9473000e+00   9.8074300e+00   2.0000000e+00
  -1.9038100e+00   8.8819700e+00   2.0000000e+00
   2.1115000e+00   1.0535400e+01   2.0000000e+00
  -2.6349100e+00   8.9224400e+00   2.0000000e+00
  -2.5196900e+00   1.1988100e+01   2.0000000e+00
   9.6885900e-01   9.8759500e+00   2.0000000e+00
  -1.3817500e-01   7.9157400e+00   2.0000000e+00
   2.1897600e+00   1.2528600e+01   2.0000000e+00
  -2.0497500e+00   9.0155800e+00   2.0000000e+00
  -1.2402500e+00   1.1433400e+01   2.0000000e+00
   9.2065800e-01   7.7962900e+00   2.0000000e+00
  -5.8999500e-01   1.0224700e+01   2.0000000e+00
   2.0208600e+00   7.9558000e+00   2.0000000e+00
   1.4176700e+00   1.1292100e+01   2.0000000e+00
   5.5643400e-01   8.9510500e+00   2.0000000e+00
  -1.1235200e+00   1.2620800e+01   2.0000000e+00
   1.7047000e+00   9.9479100e+00   2.0000000e+00
  -9.6313400e-01   8.5293000e+00   2.0000000e+00
  -1.7612100e+00   1.1133400e+01   2.0000000e+00
  -1.9044100e-01   1.0384300e+01   2.0000000e+00
  -1.3341700e+00   1.2290900e+01   2.0000000e+00
   4.0470300e+00   9.6656900e+00   2.0000000e+00
   2.9119400e-01   7.6040200e+00   2.0000000e+00
   1.1753400e+00   6.8620400e+00   2.0000000e+00
   1.7483600e+00   9.9560800e+00   2.0000000e+00
   5.5214700e+00   1.2531700e+01   2.0000000e+00
  -2.1849400e+00   1.1011300e+01   2.0000000e+00
   4.7384500e-01   1.0055600e+01   2.0000000e+00
   1.3421600e+00   7.2841200e+00   2.0000000e+00
  -3.9802600e+00   8.0860800e+00   2.0000000e+00
  -5.3176900e-01   6.3591900e+00   2.0000000e+00
   1.6473800e+00   1.1950100e+01   2.0000000e+00
  -8.9181600e-01   9.1653300e+00   2.0000000e+00
   1.6860900e+00   7.1307100e+00   2.0000000e+00
   9.2937200e-01   1.0306500e+01   2.0000000e+00
   1.6187300e-02   1.1446800e+01   2.0000000e+00
   4.8953200e-01   9.4674600e+00   2.0000000e+00
   2.0461400e+00   1.1618700e+01   2.0000000e+00
  -4.9652400e+00   1.2514200e+01   2.0000000e+00
   1.0298200e+00   1.3137900e+01   2.0000000e+00
   1.7677900e+00   8.0018200e+00   2.0000000e+00
  -1.5759500e+00   1.0610700e+01   2.0000000e+00
   3.9813000e+00   9.7253500e+00   2.0000000e+00
   1.2943100e-01   1.0042300e+01   2.0000000e+00
   2.5541000e+00   1.3327200e+01   2.0000000e+00
  -2.4408800e+00   1.1309300e+01   2.0000000e+00
   2.9264600e+00   1.3677900e+01   2.0000000e+00
   1.8433500e+00   7.3866600e+00   2.0000000e+00
  -1.5151700e-01   1.1306900e+01   2.0000000e+00
   1.6629100e+00   8.1891300e+00   2.0000000e+00
  -2.3481900e+00   1.0110700e+01   2.0000000e+00
   1.1012500e+00   9.9835700e+00   2.0000000e+00
  -2.4396300e+00   7.4374400e+00   2.0000000e+00
  -5.0028000e+00   9.9003700e+00   2.0000000e+00
   6.9778700e-01   9.6358900e+00   2.0000000e+00
   2.3638700e+00   1.0844400e+01   2.0000000e+00
  -8.5612400e-01   1.2684600e+01   2.0000000e+00
  -1.0423700e+00   9.1646500e+00   2.0000000e+00
   2.9589500e+00   9.9911800e+00   2.0000000e+00
   1.7367400e-01   1.2820300e+01   2.0000000e+00
   1.4236900e+00   6.3596500e+00   2.0000000e+00
   1.5640100e+00   7.0715600e+00   2.0000000e+00
  -1.3227200e+00   8.9754100e+00   2.0000000e+00
  -8.8011100e-01   8.8847500e+00   2.0000000e+00
   9.4674600e-01   1.1969100e+01   2.0000000e+00
  -4.5381900e+00   9.2113300e+00   2.0000000e+00
  -4.7916700e+00   7.9630200e+00   2.0000000e+00
   7.2129100e-01   1.3486900e+01   2.0000000e+00
  -2.0491600e-01   1.1007800e+01   2.0000000e+00
  -2.2404400e+00   1.1465700e+01   2.0000000e+00
  -1.6442700e-01   1.1822100e+01   2.0000000e+00
   1.3029300e+00   7.9654600e+00   2.0000000e+00
   3.5205400e+00   1.0691600e+01   2.0000000e+00
  -2.8699600e+00   1.1159300e+01   2.0000000e+00
   3.6081800e+00   1.4072300e+01   2.0000000e+00
   5.9033100e-01   4.3757700e+00   2.0000000e+00
   5.6247300e-01   1.0279400e+01   2.0000000e+00
   2.9256300e+00   1.1123800e+01   2.0000000e+00
  -8.0030800e-01   8.1448100e+00   2.0000000e+00
   1.7733900e+00   1.1891100e+01   2.0000000e+00
  -1.1116400e+00   1.2026200e+01   2.0000000e+00
   1.0724400e+00   1.0122600e+01   2.0000000e+00
   1.0152100e+00   8.8858600e+00   2.0000000e+00
   1.0852700e+00   1.0289700e+01   2.0000000e+00
  -3.0070800e+00   1.0653000e+01   2.0000000e+00
  -8.4521000e-01   1.1448400e+01   2.0000000e+00
   1.5107300e+00   1.2133500e+01   2.0000000e+00
  -2.6685700e+00   1.2789900e+01   2.0000000e+00
   2.6773100e+00   8.9268000e+00   2.0000000e+00
   1.0539300e+00   6.0019400e+00   2.0000000e+00
  -3.9470000e+00   8.0053700e+00   2.0000000e+00
  -5.9424400e-01   1.2489600e+01   2.0000000e+00
  -2.9733300e-01   9.3409200e+00   2.0000000e+00
  -3.2763300e+00   1.0953100e+01   2.0000000e+00
   4.3860800e+00   1.0929400e+01   2.0000000e+00
   5.5897000e-02   9.5623600e+00   2.0000000e+00
   3.1638800e+00   1.0092600e+01   2.0000000e+00
  -3.9656200e-01   9.0246800e+00   2.0000000e+00
   3.4330200e+00   1.0681300e+01   2.0000000e+00
   2.3189700e+00   9.7439600e+00   2.0000000e+00
   1.2883600e+00   9.3273900e+00   2.0000000e+00
  -9.4443000e-01   1.2304500e+01   2.0000000e+00
  -2.2479100e+00  -3.9116700e+00   3.0000000e+00
   9.7421500e-01  -9.1293000e-01   3.0000000e+00
   1.3863400e+00  -2.0574600e+00   3.0000000e+00
   1.7452500e+00  -9.0150700e-01   3.0000000e+00
  -6.7759100e-01  -1.1878100e+00   3.0000000e+00
  -5.8578200e-01  -1.1377300e+00   3.0000000e+00
  -5.6408200e-02  -1.9354700e+00   3.0000000e+00
  -1.4587300e+00  -9.8357000e-01   3.0000000e+00
   1.3523800e+00   2.9193800e+00   3.0000000e+00
  -3.3444000e+00   2.5048400e+00   3.0000000e+00
   7.1328300e-01  -7.6833800e-01   3.0000000e+00
   2.4663500e+00   3.7513100e+00   3.0000000e+00
  -7.7625400e-01   1.2934500e+00   3.0000000e+00
   3.8730400e-01  -2.5854900e-03   3.0000000e+00
   2.3451000e+00  -2.9050700e+00   3.0000000e+00
  -7.9711800e-01  -2.0437100e+00   3.0000000e+00
   2.9915000e-01  -2.9333900e-01   3.0000000e+00
  -1.8304500e+00   1.4890300e+00   3.0000000e+00
   2.0602800e+00  -5.2135500e-01   3.0000000e+00
  -1.2954100e+00  -2.6880400e+00   3.0000000e+00
  -2.3539700e+00  -2.2468600e+00   3.0000000e+00
  -3.7526700e+00   8.4538000e-02   3.0000000e+00
   1.8522700e+00   1.5548300e+00   3.0000000e+00
   5.2315700e-01  -2.1147700e+00   3.0000000e+00
  -1.1742500e-01  -1.2835700e+00   3.0000000e+00
   3.8595500e+00   3.8902600e-01   3.0000000e+00
  -9.0518000e-01   3.9793800e-01   3.0000000e+00
   3.9838900e-01  -3.5731400e-01   3.0000000e+00
  -1.0384200e+00  -2.5830500e+00   3.0000000e+00
   3.8249600e-02   1.2078400e+00   3.0000000e+00
   3.7538500e-01  -3.4819500e+00   3.0000000e+00
  -3.3592600e-01  -3.5381200e+00   3.0000000e+00
  -2.2217800e+00   5.3149700e-01   3.0000000e+00
   4.4612800e-01  -1.6669000e+00   3.0000000e+00
  -1.0697200e+00   7.1142600e-01   3.0000000e+00
   2.3823100e+00   1.2592000e+00   3.0000000e+00
   1.4265900e+00   6.2331400e-01   3.0000000e+00
  -2.4110000e+00  -8.4471900e-01   3.0000000e+00
   1.2206100e+00  -4.6314900e-01   3.0000000e+00
  -6.3306700e-01  -3.2038000e+00   3.0000000e+00
   2.2036600e+00  -3.2803900e+00   3.0000000e+00
  -1.6304400e+00  -5.4837400e+00   3.0000000e+00
  -1.5190300e+00   2.7927400e+00   3.0000000e+00
   3.4875200e+00  -9.4340000e-01   3.0000000e+00
  -2.3960400e+00  -3.0276000e+00   3.0000000e+00
   9.8597200e-01   9.4016100e-01   3.0000000e+00
   1.4123400e+00   7.4723500e-01   3.0000000e+00
  -4.0249200e+00  -2.4934000e+00   3.0000000e+00
  -6.6316300e-01   1.8764500e+00   3.0000000e+00
   1.8201800e+00  -5.9345700e-01   3.0000000e+00
  -1.4896800e+00  -2.4151700e+00   3.0000000e+00
   4.2344700e-01  -2.5426600e+00   3.0000000e+00
   7.6397900e-01  -3.4297100e+00   3.0000000e+00
   2.7082500e+00  -1.7633000e-01   3.0000000e+00
   3.0516800e+00   3.5329500e+00   3.0000000e+00
   3.9151100e+00   1.8320500e+00   3.0000000e+00
  -6.7864800e-01  -1.4458200e+00   3.0000000e+00
   1.3731700e+00  -1.1281100e+00   3.0000000e+00
  -2.4032500e+00   3.8404200e+00   3.0000000e+00
  -1.0708600e+00   3.0911800e+00   3.0000000e+00
  -9.8064500e-01  -2.4351600e+00   3.0000000e+00
   1.8147300e-01  -2.2342100e+00   3.0000000e+00
   2.1717100e+00   1.9666500e+00   3.0000000e+00
   1.1141400e+00  -2.2096500e+00   3.0000000e+00
  -2.8784900e-01  -3.1640700e+00   3.0000000e+00
   2.1360100e+00  -1.3632300e+00   3.0000000e+00
   1.1172500e-01  -3.8922500e+00   3.0000000e+00
   2.7294800e+00   2.1773600e+00   3.0000000e+00
   3.6880400e+00   1.0754600e+00   3.0000000e+00
  -1.5363200e+00   4.8973300e+00   3.0000000e+00
  -5.8343000e-02  -2.0899100e+00   3.0000000e+00
  -1.4570600e+00   1.6067300e-01   3.0000000e+00
  -1.5062100e+00  -2.9930800e+00   3.0000000e+00
  -4.2585300e-02  -1.8713500e+00   3.0000000e+00
  -1.8614000e+00   3.5670800e+00   3.0000000e+00
   2.6357400e+00   2.8244800e+00   3.0000000e+00
  -3.2627000e+00  -3.3197900e+00   3.0000000e+00
   6.1518600e-01   7.9977900e-01   3.0000000e+00
   1.5192600e+00   8.8100600e-01   3.0000000e+00
  -1.9011000e+00   6.6383000e-01   3.0000000e+00
  -2.1483600e+00  -1.2795900e+00   3.0000000e+00
   1.7278800e+00   2.0060900e+00   3.0000000e+00
  -3.2390100e+00  -4.1213500e-01   3.0000000e+00
   1.9825700e+00  -1.2545600e+00   3.0000000e+00
  -1.4237900e+00  -3.7528300e+00   3.0000000e+00
  -3.1810000e+00   1.0713100e+00   3.0000000e+00
  -4.4523300e-01  -1.0151500e+00   3.0000000e+00
   2.2637100e+00   3.5862700e+00   3.0000000e+00
  -1.1262100e+00   1.4262500e+00   3.0000000e+00
  -1.3335500e+00  -6.3122300e-01   3.0000000e+00
  -3.9853900e+00   1.6895600e+00   3.0000000e+00
   1.3385600e+00  -2.1761800e+00   3.0000000e+00
  -8.6298700e-01  -8.9175800e-01   3.0000000e+00
  -5.6033300e-01   8.5825400e-01   3.0000000e+00
   5.6773700e-01  -1.9823300e+00   3.0000000e+00
  -1.0067800e+00  -1.4535800e+00   3.0000000e+00
   1.9116600e+00   3.7513500e+00   3.0000000e+00
  -5.9019100e-01  -1.7932600e+00   3.0000000e+00
  -1.1187300e+00  -3.3484600e+00   3.0000000e+00
   7.6448000e-01  -2.9104800e+00   3.0000000e+00
   7.5754900e-01  -1.2820000e+00   3.0000000e+00
  -3.6727500e+00  -2.0747100e+00   3.0000000e+00
   1.0939700e+00  -5.5132500e-01   3.0000000e+00
   2.9461500e-01   2.3068200e-01   3.0000000e+00
   1.3788500e-02   1.6352200e-01   3.0000000e+00
  -4.8716300e+00   1.7738000e+00   3.0000000e+00
  -1.0995800e+00   1.7436600e+00   3.0000000e+00
  -5.6184800e-01   1.5567800e+00   3.0000000e+00
   6.2750400e-01   2.5661600e-01   3.0000000e+00
   1.3080400e+00  -2.5486300e-01   3.0000000e+00
  -4.1244800e-01  -1.7048200e+00   3.0000000e+00
   4.2102500e-01  -1.2337100e+00   3.0000000e+00
   9.8674300e-02   2.8090500e+00   3.0000000e+00
   1.7988300e+00  -2.9720500e-01   3.0000000e+00
   5.8448700e-01  -4.5050000e+00   3.0000000e+00
  -2.7387900e+00   2.1077100e-01   3.0000000e+00
  -1.6564500e+00  -1.5618800e+00   3.0000000e+00
  -1.1825800e+00  -1.8134600e-01   3.0000000e+00
  -2.7884500e-01   3.6631500e+00   3.0000000e+00
   4.2379700e-01   3.7762400e+00   3.0000000e+00
  -1.7827800e+00  -1.5716700e+00   3.0000000e+00
   3.0675700e+00  -3.0087200e-02   3.0000000e+00
   1.7093100e+00  -9.7402200e-01   3.0000000e+00
  -1.3944900e+00  -2.3331100e+00   3.0000000e+00
   2.5372500e+00  -1.5511500e+00   3.0000000e+00
  -5.3377700e-01   4.3077500e-01   3.0000000e+00
   1.0652000e+00  -1.3825400e-01   3.0000000e+00
   2.6707400e+00   2.4076100e-01   3.0000000e+00
   4.2270600e-01  -9.6366200e-01   3.0000000e+00
   2.7733400e+00   2.2271900e+00   3.0000000e+00
  -1.1467900e+00  -6.9744400e-01   3.0000000e+00
   1.5101700e-01   1.4409000e+00   3.0000000e+00
   9.6563200e-01   2.9415000e+00   3.0000000e+00
   2.1130300e-01  -2.6622500e+00   3.0000000e+00
   2.6422600e+00   5.2899900e-01   3.0000000e+00
   1.6925300e+00  -3.2084100e+00   3.0000000e+00
   1.9847800e+00  -1.9847800e+00   3.0000000e+00
  -1.2302100e+00   2.5292500e+00   3.0000000e+00
  -1.8677500e+00   2.4579400e+00   3.0000000e+00
   3.3406900e+00  -2.6026100e+00   3.0000000e+00
  -3.5218800e+00   1.0578400e+00   3.0000000e+00
   2.0844100e+00   1.4171800e+00   3.0000000e+00
   1.0609000e+00   2.8802500e+00   3.0000000e+00
   4.4982000e-02   1.4762400e+00   3.0000000e+00
  -1.6091100e+00   4.3983100e+00   3.0000000e+00
   1.0589500e+00   2.2023100e+00   3.0000000e+00
   2.8495200e-01  -5.7002100e-01   3.0000000e+00
   2.4485500e+00  -3.1484600e+00   3.0000000e+00
   4.3394400e+00  -3.8636100e+00   3.0000000e+00
  -1.9416800e+00  -9.5718700e-01   3.0000000e+00
  -2.8257400e+00  -2.3749000e+00   3.0000000e+00
   2.1793100e+00   7.1302300e-01   3.0000000e+00
   7.5796800e-01  -5.8687000e-01   3.0000000e+00
   2.7292500e+00  -1.1012600e+00   3.0000000e+00
   2.4235000e+00   2.4953000e+00   3.0000000e+00
  -3.6631800e+00   3.4646900e+00   3.0000000e+00
   9.8296100e-02  -3.8922800e-01   3.0000000e+00
   7.0711000e-01   1.7983300e+00   3.0000000e+00
   9.8089500e-01  -1.8702300e-01   3.0000000e+00
  -2.2621500e+00  -1.5385900e-01   3.0000000e+00
  -3.6719100e+00   4.8981200e-01   3.0000000e+00
   1.9576700e+00  -1.6974900e+00   3.0000000e+00
  -4.5437200e+00   1.4196700e+00   3.0000000e+00
   6.6854800e-01  -1.0936300e+00   3.0000000e+00
  -6.2923900e-01   4.5763800e+00   3.0000000e+00
   3.0517200e-01  -2.0549100e+00   3.0000000e+00
  -1.9196400e+00   4.1542100e+00   3.0000000e+00
   5.8046700e-01   1.6039200e+00   3.0000000e+00
  -2.4523200e+00  -5.1620200e-01   3.0000000e+00
  -3.6810000e-01  -1.6040600e+00   3.0000000e+00
  -6.1101500e-01  -3.3868700e+00   3.0000000e+00
  -2.9702900e+00  -1.1271300e+00   3.0000000e+00
   1.8011100e+00  -2.6484900e+00   3.0000000e+00
  -5.0838300e-01  -4.1149200e-01   3.0000000e+00
   2.2284400e+00  -5.5701500e-01   3.0000000e+00
  -5.3092800e-02   3.3672100e+00   3.0000000e+00
   5.4011800e-01   1.4669200e+00   3.0000000e+00
  -5.1011700e+00   5.3786400e-01   3.0000000e+00
   2.3119600e+00  -2.3592800e+00   3.0000000e+00
   3.6032400e+00  -2.2594300e+00   3.0000000e+00
   1.2935200e+00  -1.6945800e+00   3.0000000e+00
   9.7761700e-02  -2.2214600e-03   3.0000000e+00
  -1.3536100e+00  -7.9419800e-01   3.0000000e+00
   3.2979600e+00   3.5475200e-01   3.0000000e+00
  -1.1635600e+00  -8.7032900e-01   3.0000000e+00
  -8.9684700e-01   2.5061600e+00   3.0000000e+00
   2.7036300e+00   1.3115300e+00   3.0000000e+00
   4.9850800e-01  -6.6057200e-01   3.0000000e+00
  -3.3524700e+00   7.3683600e-01   3.0000000e+00
  -2.6882200e+00  -1.3545500e+00   3.0000000e+00
   3.3154200e-01   5.2896300e-02   3.0000000e+00
   1.1968800e+00  -1.5667600e+00   3.0000000e+00
  -2.2899000e+00   8.3971700e-01   3.0000000e+00
   5.4156400e-01  -1.3657800e-01   3.0000000e+00
  -1.7944200e+00  -5.1542700e-01   3.0000000e+00
   2.2278800e+00  -1.5433000e+00   3.0000000e+00
   9.2194100e-01   1.4570000e+00   3.0000000e+00
   3.4427600e-01  -1.6337000e+00   3.0000000e+00
   1.1414700e+00  -2.0131900e+00   3.0000000e+00
   1.6229200e+00   2.1218500e+00   3.0000000e+00
   2.4582200e+00   1.3369500e+00   3.0000000e+00
   1.1665100e+00  -8.4585300e-01   3.0000000e+00
   9.0489700e-01   4.5974200e+00   3.0000000e+00
  -1.7888500e+00  -7.6069900e-01   3.0000000e+00
  -9.2690100e-01   2.5159700e+00   3.0000000e+00
  -2.6638500e-01   1.1934000e+00   3.0000000e+00
   1.6145000e+00   1.4284800e-02   3.0000000e+00
   1.4381300e-01  -8.2881500e-01   3.0000000e+00
   3.0096000e+00   1.4426400e+00   3.0000000e+00
   1.4731300e+00  -1.4112200e+00   3.0000000e+00
   6.9785900e-02  -1.0951000e+00   3.0000000e+00
   1.9605700e+00  -5.9298300e-01   3.0000000e+00
   3.4315700e+00  -6.8795700e-01   3.0000000e+00
   2.7439900e-01  -3.7811800e+00   3.0000000e+00
   4.3579600e-01   1.7885000e+00   3.0000000e+00
  -1.4291300e-01   1.9601000e+00   3.0000000e+00
  -2.3026900e+00   8.3523500e-01   3.0000000e+00
  -6.7417400e-01  -2.0527800e+00   3.0000000e+00
   1.6478600e+00  -4.9491800e+00   3.0000000e+00
  -1.6810800e+00   5.9636400e+00   3.0000000e+00
  -1.8061100e+00  -1.0937500e+00   3.0000000e+00
   2.9063900e+00   2.4144100e+00   3.0000000e+00
  -1.8718000e+00   8.7915300e-01   3.0000000e+00
  -2.4732900e-01  -4.5858400e-01   3.0000000e+00
  -1.3829000e+00  -1.3816600e+00   3.0000000e+00
  -1.9767200e+00  -1.6951600e+00   3.0000000e+00
   1.5854300e+00   6.6701000e-01   3.0000000e+00
  -1.0116400e+00   2.6738100e+00   3.0000000e+00
  -3.7365400e+00   3.2183100e+00   3.0000000e+00
  -6.9902000e-01   1.5994500e+00   3.0000000e+00
   1.8613400e+00   2.7168500e-01   3.0000000e+00
  -1.1678500e+00   2.6551500e+00   3.0000000e+00
  -1.9159400e+00  -6.5931800e-01   3.0000000e+00
  -6.0988900e-01   5.4629900e-01   3.0000000e+00
  -1.9121900e+00   5.6001200e-01   3.0000000e+00
   9.4818700e-01   4.0659400e-01   3.0000000e+00
   1.6921700e+00   3.6969000e+00   3.0000000e+00
   3.1526800e-01   2.3404000e+00   3.0000000e+00
  -2.5858500e+00   1.7009300e+00   3.0000000e+00
   6.2481200e-01  -7.0661500e-01   3.0000000e+00
   2.2677900e+00   2.4672600e-01   3.0000000e+00
  -2.2702700e+00   3.0694100e-01   3.0000000e+00
   2.2538500e+00  -9.9474300e-01   3.0000000e+00
   1.9976400e+00  -4.8148700e+00   3.0000000e+00
   1.3741600e+00   5.4066900e-01   3.0000000e+00
  -1.8333300e+00  -1.7939400e-01   3.0000000e+00
   1.4992600e-01   9.3771200e-01   3.0000000e+00
  -1.6849400e+00  -1.9061100e-01   3.0000000e+00
  -5.7005900e+00  -1.2237800e+00   3.0000000e+00
   1.7660900e+00   3.9772500e-01   3.0000000e+00
