-1.89 -0.75 1
-1.61 -0.39 1
-1.13 0.09 1
-0.60 0.97 1
-0.53 0.94 1
-1.75 -0.66 1
-0.51 0.95 1
-0.56 0.94 1
-1.24 -0.02 1
-0.98 0.77 1
-1.65 -0.78 1
-1.18 -0.26 1
-0.50 0.77 1
-0.68 0.52 1
-0.49 0.90 1
-0.96 0.30 1
-1.89 -0.94 1
-0.73 0.73 1
-0.59 0.89 1
-1.00 0.41 1
-0.97 0.63 1
-0.94 0.56 1
-1.27 -0.29 1
-0.79 0.17 1
-1.78 -0.60 1
-0.75 0.31 1
-1.92 -0.93 1
-1.55 -0.44 1
-2.07 -0.77 1
-1.81 -0.81 1
-0.68 0.62 1
-0.94 0.41 1
-1.50 -0.35 1
-0.54 0.91 1
-1.86 -0.96 1
-1.20 -0.19 1
-1.41 -0.21 1
-0.70 0.45 1
-0.68 0.53 1
-1.79 -0.54 1
-1.19 -0.04 1
-1.28 -0.11 1
-1.06 0.35 1
-0.87 0.40 1
-0.91 0.57 1
-1.52 -0.47 1
-1.02 0.42 1
-1.03 0.35 1
-1.70 -0.68 1
-1.71 -0.81 1
-1.13 -0.06 1
-0.50 0.91 1
-1.41 -0.34 1
-1.05 0.15 1
-1.70 -0.49 1
-0.81 0.49 1
-1.67 -0.42 1
-1.16 -0.02 1
-0.99 0.46 1
-0.58 0.75 1
-0.54 0.93 1
-1.22 0.16 1
-1.72 -0.74 1
-1.70 -0.72 1
-1.73 -0.36 1
-0.78 0.74 1
-1.54 -0.51 1
-0.79 0.67 1
-1.57 -0.53 1
-0.62 0.90 1
-1.55 -0.21 1
-1.54 -0.70 1
-1.67 -0.43 1
-1.15 0.32 1
-1.25 -0.05 1
-1.57 -0.19 1
-0.73 0.67 1
-0.98 0.10 1
-0.96 -0.03 1
-0.56 0.82 1
-1.59 -0.38 1
-0.85 0.54 1
-0.86 0.54 1
-1.34 -0.27 1
-1.12 0.15 1
-1.72 -0.94 1
-1.82 -0.93 1
-1.10 0.02 1
-0.83 0.59 1
-0.56 0.87 1
-1.67 -0.81 1
-1.11 0.14 1
-1.20 -0.10 1
-1.89 -1.01 1
-1.52 -0.27 1
-1.73 -0.67 1
-0.80 0.62 1
-1.56 -0.32 1
-1.18 0.07 1
-1.76 -0.63 1
-1.11 0.25 1
-1.66 -0.40 1
-1.02 0.34 1
-1.04 0.47 1
-0.84 0.50 1
-1.28 -0.10 1
-1.97 -0.73 1
-1.58 -0.57 1
-0.59 0.83 1
-1.81 -0.64 1
-0.73 0.66 1
-1.26 0.16 1
-0.55 1.06 1
-1.87 -0.82 1
-1.23 -0.16 1
-1.85 -0.75 1
-0.41 0.84 1
-1.97 -0.97 1
-0.86 0.60 1
-0.75 0.65 1
-0.73 0.79 1
-2.00 -0.71 1
-1.43 -0.14 1
-1.59 -0.46 1
-0.81 0.64 1
-1.35 -0.11 1
-0.49 0.75 1
-1.65 -0.66 1
-1.66 -0.40 1
-1.74 -0.71 1
-1.80 -0.69 1
-0.58 0.68 1
-1.10 0.17 1
-1.18 0.14 1
-1.63 -0.79 1
-0.71 0.73 1
-1.01 0.24 1
-1.36 -0.35 1
-1.19 0.03 1
-1.21 -0.31 1
-1.68 -0.97 1
-1.51 -0.59 1
-1.70 -0.81 1
-1.59 -0.70 1
-1.46 -0.62 1
-1.36 -0.14 1
-1.76 -0.99 1
-0.61 0.82 1
-0.61 0.94 1
-1.22 -0.02 1
-1.23 -0.01 1
-1.42 -0.34 1
-0.49 0.71 1
-1.40 -0.26 1
-1.87 -0.72 1
-0.93 0.67 1
-1.34 -0.24 1
-1.47 -0.61 1
-1.37 -0.18 1
-1.85 -0.78 1
-1.74 -0.75 1
-0.46 0.82 1
-0.69 1.04 1
-0.91 0.01 1
-1.83 -0.91 1
-1.50 -0.61 1
-1.38 -0.33 1
0.72 -0.59 1
-0.51 1.01 1
-0.53 0.91 1
-0.22 0.75 1
0.48 -0.22 1
0.61 -0.39 1
0.40 -0.28 1
0.22 0.20 1
0.33 -0.02 1
0.11 0.59 1
0.66 -0.39 1
-0.16 0.73 1
0.49 -0.33 1
-0.37 0.59 1
-0.02 0.28 1
0.34 -0.26 1
0.59 -0.56 1
-0.37 0.91 1
0.81 -0.86 1
0.55 -0.57 1
0.16 0.04 1
0.10 0.16 1
0.16 0.17 1
-0.16 0.37 1
0.25 0.04 1
0.23 0.02 1
0.79 -0.52 1
0.64 -0.57 1
0.42 -0.26 1
-0.07 0.21 1
0.57 -0.67 1
0.28 -0.01 1
-0.03 0.32 1
0.91 -0.81 1
0.70 -0.77 1
0.44 0.05 1
0.40 -0.20 1
0.42 -0.07 1
-0.25 0.61 1
-0.10 0.42 1
0.22 0.14 1
-0.15 0.61 1
0.64 -0.72 1
-0.37 0.56 1
-0.29 0.52 1
-0.40 0.61 1
-0.19 0.58 1
0.08 0.14 1
-0.10 0.39 1
0.74 -0.89 1
0.17 0.22 1
-0.23 0.69 1
0.81 -0.78 1
1.01 -0.86 1
0.05 0.11 1
-0.34 0.84 1
-0.13 0.54 1
0.10 0.24 1
0.29 -0.20 1
-0.12 0.53 1
0.32 -0.20 1
0.46 -0.44 1
-0.30 0.52 1
-0.28 0.86 1
-0.16 0.39 1
-0.08 0.39 1
-0.00 0.12 1
0.20 0.00 1
-0.67 0.67 1
-0.23 0.45 1
0.55 -0.65 1
-0.58 0.92 1
0.84 -0.83 1
0.53 -0.44 1
0.35 0.18 1
0.28 -0.15 1
-0.20 0.55 1
0.02 0.02 1
0.87 -0.92 1
0.17 -0.14 1
0.24 -0.00 1
-0.12 0.62 1
0.23 0.08 1
0.34 -0.25 1
0.35 -0.42 1
0.17 0.33 1
0.18 0.42 1
0.95 -0.93 1
-0.56 0.90 1
0.88 -0.66 1
0.78 -0.83 1
0.62 -0.58 1
-0.32 0.89 1
-0.26 0.43 1
-0.19 0.25 1
0.51 -0.30 1
-0.30 0.79 1
0.55 -0.40 1
-0.34 0.85 1
0.53 -0.21 1
0.28 0.11 1
0.58 -0.56 1
0.60 -0.34 1
0.83 -0.76 1
0.76 -0.78 1
-0.13 0.30 1
0.56 -0.32 1
-0.27 0.62 1
-0.49 0.98 1
0.51 -0.50 1
0.09 -0.06 1
0.19 0.09 1
0.81 -0.78 1
0.47 -0.11 1
0.45 -0.15 1
0.83 -0.62 1
0.61 -0.62 1
0.25 -0.17 1
-0.37 0.59 1
-0.14 0.59 1
1.01 -0.57 1
-0.44 1.02 1
0.13 0.01 1
-0.22 0.75 1
0.84 -0.99 1
0.42 -0.47 1
0.27 0.08 1
0.10 0.05 1
-0.43 0.94 1
0.60 -0.24 1
-0.44 0.98 1
-0.36 0.95 1
0.11 -0.10 1
-0.34 0.88 1
0.86 -0.47 1
0.73 -0.57 1
0.42 -0.50 1
-0.33 0.72 1
0.41 -0.31 1
0.27 0.02 1
0.95 -0.88 1
0.47 -0.24 1
0.63 -0.59 1
0.09 0.09 1
0.06 0.14 1
0.77 -0.56 1
-0.56 0.76 1
-0.36 0.76 1
-0.26 0.71 1
-0.01 0.22 1
0.75 -0.60 1
0.66 -0.57 1
-0.52 0.86 1
0.07 0.25 1
0.23 -0.03 1
0.05 0.18 1
0.39 -0.32 1
0.41 -0.22 1
-0.25 0.34 1
0.08 0.15 1
-0.56 0.97 1
0.86 -0.99 1
-0.24 0.74 1
-0.44 0.78 1
0.06 0.32 1
-0.16 0.70 1
0.18 0.05 1
1.53 -0.30 1
2.42 0.94 1
2.43 0.84 1
1.08 -0.86 1
2.25 0.40 1
1.35 -0.39 1
1.75 -0.21 1
2.01 -0.01 1
2.34 0.97 1
1.67 -0.16 1
2.48 1.00 1
1.52 -0.42 1
2.17 0.34 1
2.29 0.15 1
1.80 0.12 1
2.11 0.38 1
2.06 0.32 1
1.27 -0.62 1
1.35 -0.83 1
2.60 0.96 1
1.20 -0.59 1
1.04 -0.90 1
1.98 0.05 1
2.54 0.63 1
2.09 0.31 1
1.31 -0.60 1
1.52 -0.20 1
1.72 -0.07 1
2.60 0.90 1
1.25 -0.67 1
2.42 0.64 1
2.08 0.24 1
1.66 -0.28 1
1.42 -0.69 1
1.70 -0.16 1
1.84 -0.09 1
1.24 -0.77 1
1.96 0.15 1
1.41 -0.57 1
1.66 -0.26 1
1.82 0.24 1
1.37 -0.46 1
1.47 -0.41 1
2.08 0.15 1
1.57 -0.56 1
2.43 0.53 1
2.31 1.12 1
2.06 0.52 1
1.54 -0.29 1
1.99 0.11 1
1.29 -0.85 1
2.36 0.85 1
2.23 0.86 1
2.40 0.54 1
1.47 -0.50 1
1.94 0.19 1
1.23 -1.07 1
1.61 -0.10 1
1.54 -0.40 1
1.13 -0.56 1
1.34 -0.66 1
1.64 -0.13 1
1.27 -0.88 1
1.99 0.16 1
1.84 -0.12 1
2.05 0.42 1
1.99 0.48 1
2.05 0.24 1
1.06 -0.90 1
1.18 -0.89 1
1.51 -0.35 1
1.74 0.14 1
2.01 0.32 1
1.73 -0.24 1
2.34 0.59 1
2.13 0.43 1
2.51 0.93 1
1.91 0.01 1
1.51 -0.34 1
1.10 -0.71 1
1.98 0.21 1
2.22 0.55 1
1.85 -0.28 1
1.24 -0.86 1
1.55 -0.55 1
1.30 -0.71 1
1.42 -0.40 1
1.58 -0.03 1
1.69 0.17 1
1.74 -0.09 1
2.38 0.73 1
1.75 0.09 1
2.42 0.92 1
1.94 0.32 1
2.41 0.97 1
1.52 -0.60 1
2.01 0.39 1
1.48 -0.42 1
2.11 0.30 1
2.14 0.35 1
1.04 -0.78 1
1.49 -0.54 1
1.48 -0.62 1
2.02 0.35 1
2.15 0.81 1
1.55 -0.31 1
2.19 0.58 1
2.13 0.30 1
0.92 -0.88 1
1.93 0.22 1
1.58 -0.19 1
2.49 0.78 1
0.97 -0.94 1
1.70 -0.05 1
1.77 -0.22 1
1.73 -0.07 1
2.23 0.52 1
1.51 -0.35 1
2.24 0.56 1
1.76 -0.07 1
1.18 -0.99 1
1.33 -0.66 1
2.06 0.49 1
1.61 0.05 1
1.36 -0.76 1
1.36 -0.17 1
1.83 0.31 1
1.31 -0.60 1
2.17 0.46 1
1.46 -0.55 1
2.35 0.89 1
1.50 -0.50 1
2.23 0.51 1
1.25 -0.57 1
1.44 -0.40 1
1.10 -0.76 1
1.86 0.19 1
2.10 0.35 1
1.90 0.07 1
1.61 -0.10 1
2.06 0.25 1
1.92 0.37 1
2.00 0.41 1
1.97 0.29 1
2.46 0.89 1
1.32 -0.56 1
1.82 0.63 1
1.40 -0.53 1
1.34 -0.85 1
1.80 0.33 1
1.67 -0.06 1
1.78 -0.12 1
1.82 0.48 1
2.15 0.58 1
1.54 -0.28 1
2.10 0.28 1
1.75 -0.23 1
2.44 0.58 1
2.32 0.64 1
1.51 -0.55 1
1.91 0.27 1
1.94 0.15 1
1.71 0.19 1
2.22 0.83 1
1.42 -0.46 1
1.54 -0.38 1
1.13 -0.69 1
-0.61 -0.72 2
-0.43 -0.59 2
-0.57 -0.64 2
-0.54 -0.73 2
-0.57 -0.66 2
-0.44 -0.73 2
-0.58 -0.79 2
-0.61 -0.71 2
-0.44 -0.75 2
-0.54 -0.79 2
-0.46 -0.57 2
-0.54 -0.73 2
-0.47 -0.48 2
-0.76 -0.78 2
-0.45 -0.69 2
-0.31 -0.59 2
-0.40 -0.48 2
-0.41 -0.72 2
-0.52 -0.83 2
-0.48 -0.67 2
-0.48 -0.88 2
-0.49 -0.78 2
-0.58 -0.72 2
-0.54 -0.60 2
-0.52 -0.61 2
-0.55 -0.75 2
-0.42 -0.66 2
-0.25 -0.78 2
-0.63 -0.68 2
-0.49 -0.56 2
-0.64 -0.73 2
-0.37 -0.78 2
-0.36 -0.80 2
-0.67 -0.68 2
-0.31 -0.62 2
-0.61 -0.54 2
-0.48 -0.74 2
-0.39 -0.73 2
-0.49 -0.81 2
-0.27 -0.59 2
-0.22 -0.76 2
-0.49 -0.80 2
-0.69 -0.53 2
-0.54 -0.67 2
-0.58 -0.68 2
-0.58 -0.85 2
-0.61 -0.71 2
-0.49 -0.70 2
-0.29 -0.86 2
-0.57 -0.77 2
-0.53 -0.79 2
-0.38 -0.70 2
-0.38 -0.85 2
-0.45 -0.64 2
-0.40 -0.57 2
-0.41 -0.78 2
-0.54 -0.75 2
-0.46 -0.70 2
-0.53 -0.63 2
-0.59 -0.70 2
-0.44 -0.71 2
-0.49 -0.80 2
-0.52 -0.77 2
-0.47 -0.69 2
-0.40 -0.58 2
-0.46 -0.69 2
-0.48 -0.87 2
-0.47 -0.71 2
-0.49 -0.76 2
-0.58 -0.77 2
-0.42 -0.77 2
-0.36 -0.84 2
-0.55 -0.78 2
-0.31 -0.83 2
-0.52 -0.79 2
-0.52 -0.74 2
-0.59 -0.73 2
-0.58 -0.77 2
-0.60 -0.77 2
-0.46 -0.75 2
-0.34 -0.70 2
-0.45 -0.62 2
-0.41 -0.69 2
-0.37 -0.78 2
-0.75 -0.69 2
-0.52 -0.77 2
-0.46 -0.93 2
-0.43 -0.98 2
-0.63 -0.92 2
-0.60 -0.77 2
-0.42 -0.81 2
-0.51 -0.82 2
-0.44 -0.75 2
-0.60 -0.82 2
-0.66 -0.81 2
-0.42 -0.69 2
-0.38 -0.67 2
-0.34 -0.51 2
-0.65 -0.72 2
-0.63 -0.74 2
-0.65 -0.81 2
-0.50 -0.77 2
-0.56 -0.76 2
-0.37 -0.93 2
-0.65 -0.78 2
-0.67 -0.68 2
-0.48 -0.81 2
-0.38 -0.70 2
-0.58 -0.65 2
-0.63 -0.64 2
-0.51 -0.67 2
-0.66 -0.98 2
-0.50 -0.81 2
-0.42 -0.66 2
-0.48 -0.71 2
-0.69 -0.75 2
-0.55 -0.71 2
-0.53 -0.64 2
-0.32 -0.73 2
-0.41 -0.83 2
-0.51 -0.77 2
-0.37 -0.77 2
-0.60 -0.66 2
-0.53 -0.71 2
-0.36 -0.70 2
-0.35 -0.74 2
-0.43 -0.79 2
-0.45 -0.74 2
-0.56 -0.73 2
-0.43 -0.89 2
-0.58 -0.73 2
-0.44 -0.66 2
-0.47 -0.76 2
-0.39 -0.59 2
-0.54 -0.69 2
-0.44 -0.79 2
-0.42 -0.77 2
-0.59 -0.78 2
-0.48 -0.73 2
-0.34 -0.67 2
-0.49 -0.78 2
-0.53 -0.70 2
-0.45 -0.57 2
-0.53 -0.66 2
-0.46 -0.67 2
-0.51 -0.83 2
-0.50 -0.80 2
-0.45 -0.73 2
-0.36 -0.76 2
-0.45 -0.91 2
-0.34 -0.90 2
-0.70 -0.65 2
-0.54 -0.83 2
-0.48 -0.54 2
-0.58 -0.97 2
-0.63 -0.71 2
-0.44 -0.75 2
-0.44 -0.83 2
-0.47 -0.71 2
-0.46 -0.83 2
-0.59 -0.66 2
-0.55 -0.74 2
-0.51 -0.91 2
-0.57 -0.99 2
-0.47 -0.78 2
-0.26 -0.64 2
-0.55 -0.73 2
-0.44 -0.74 2
-0.60 -0.68 2
-0.37 -0.89 2
-0.60 -0.61 2
-0.48 -0.84 2
-0.56 -0.75 2
-0.45 -0.79 2
-0.50 -0.74 2
-0.50 -0.94 2
-0.21 -0.60 2
-0.56 -0.70 2
-0.50 -0.55 2
-0.23 -0.61 2
-0.61 -0.75 2
-0.44 -0.84 2
-0.61 -0.92 2
-0.40 -0.75 2
-0.47 -0.73 2
-0.43 -0.65 2
-0.53 -0.85 2
-0.48 -0.67 2
-0.35 -0.74 2
-0.73 -0.83 2
-0.66 -0.67 2
-0.46 -0.72 2
-0.57 -0.77 2
-0.53 -0.56 2
-0.65 -0.69 2
-0.59 -0.76 2
-0.54 -0.72 2
-0.57 -0.74 2
-0.59 -0.73 2
-0.54 -0.70 2
-0.59 -0.81 2
-0.37 -0.83 2
-0.60 -0.71 2
-0.32 -0.56 2
-0.54 -0.78 2
-0.65 -0.85 2
-0.56 -0.77 2
-0.41 -0.80 2
-0.39 -0.78 2
-0.48 -0.70 2
-0.47 -0.76 2
-0.44 -0.81 2
-0.65 -0.79 2
-0.56 -0.88 2
-0.68 -0.84 2
-0.54 -0.89 2
-0.41 -0.80 2
-0.43 -0.86 2
-0.27 -0.82 2
-0.48 -0.78 2
-0.72 -0.87 2
-0.33 -0.75 2
-0.37 -0.72 2
-0.56 -0.85 2
-0.48 -0.64 2
-0.42 -0.91 2
-0.46 -0.79 2
-0.43 -0.90 2
-0.51 -0.78 2
-0.50 -0.88 2
-0.49 -0.81 2
-0.58 -0.82 2
-0.36 -0.87 2
-0.50 -0.96 2
-0.43 -0.69 2
-0.59 -0.55 2
-0.61 -0.53 2
-0.51 -0.80 2
-0.53 -0.75 2
-0.38 -0.80 2
-0.44 -0.74 2
-0.45 -0.84 2
-0.64 -0.94 2
-0.60 -0.75 2
-0.48 -0.87 2
-0.53 -0.94 2
-0.37 -0.51 2
-0.37 -0.77 2
-0.56 -0.71 2
-0.41 -0.63 2
-0.36 -0.92 2
1.04 0.64 2
1.05 0.65 2
1.01 0.60 2
1.02 0.53 2
0.95 0.73 2
1.07 0.87 2
0.92 0.73 2
0.92 0.73 2
1.07 0.65 2
1.17 0.91 2
0.96 0.73 2
0.95 0.88 2
1.04 0.79 2
1.11 0.72 2
1.10 0.86 2
1.03 0.85 2
0.94 0.74 2
1.06 0.88 2
0.99 0.93 2
1.14 0.74 2
0.86 0.72 2
1.01 0.79 2
1.13 0.79 2
0.95 0.83 2
0.94 0.72 2
0.91 0.82 2
0.97 0.85 2
0.98 0.77 2
1.01 0.77 2
0.91 0.62 2
1.01 0.63 2
0.94 0.60 2
0.96 0.63 2
0.92 0.73 2
0.97 0.59 2
1.36 0.97 2
1.34 0.82 2
1.11 0.54 2
1.08 0.63 2
0.87 0.74 2
0.94 0.58 2
0.94 0.70 2
1.05 0.86 2
1.05 0.73 2
1.01 0.74 2
0.97 0.65 2
0.91 0.69 2
1.00 0.61 2
1.11 0.79 2
1.04 0.70 2
1.02 0.83 2
1.07 0.87 2
1.06 0.86 2
0.84 0.75 2
1.00 0.70 2
0.96 0.63 2
0.80 0.76 2
0.87 0.85 2
0.97 0.72 2
1.08 0.73 2
0.98 0.81 2
1.03 0.84 2
0.91 0.61 2
0.78 0.77 2
1.01 0.77 2
0.90 0.73 2
1.12 0.84 2
1.17 0.71 2
0.96 0.67 2
1.12 0.78 2
1.10 0.80 2
0.86 0.73 2
1.00 0.83 2
1.03 0.60 2
1.05 0.64 2
1.07 0.44 2
1.07 0.80 2
1.07 0.65 2
0.97 0.72 2
1.04 0.85 2
0.77 0.76 2
0.88 0.71 2
1.12 0.67 2
0.93 0.73 2
1.03 0.81 2
1.15 0.60 2
0.91 0.74 2
0.90 0.83 2
0.95 0.61 2
1.04 0.82 2
0.98 0.82 2
0.90 0.66 2
0.84 0.60 2
0.96 0.79 2
0.98 0.83 2
0.95 0.81 2
0.97 0.83 2
0.89 0.63 2
1.05 0.81 2
0.78 0.69 2
1.01 0.69 2
1.07 0.59 2
0.92 0.86 2
0.99 0.77 2
1.03 0.85 2
0.94 0.90 2
1.00 0.64 2
1.04 0.81 2
0.91 0.75 2
1.08 0.84 2
1.11 0.86 2
1.03 0.83 2
1.00 0.67 2
0.88 0.74 2
1.05 0.78 2
0.88 1.07 2
1.16 0.87 2
1.05 0.98 2
1.03 0.79 2
0.96 0.77 2
0.78 0.81 2
0.88 0.70 2
1.04 0.87 2
1.24 0.73 2
1.07 0.61 2
1.03 0.84 2
0.95 0.59 2
1.01 0.57 2
1.10 0.78 2
0.97 0.65 2
1.19 0.66 2
0.88 0.73 2
0.96 0.70 2
1.01 0.73 2
0.80 0.78 2
1.06 0.63 2
1.01 0.63 2
1.01 0.54 2
1.08 0.71 2
1.10 0.82 2
1.08 0.68 2
0.95 0.80 2
1.00 0.80 2
1.04 0.85 2
0.87 0.85 2
0.90 0.68 2
0.96 0.66 2
1.01 0.75 2
1.18 0.68 2
1.08 0.90 2
0.96 0.89 2
0.94 0.76 2
1.15 0.71 2
1.27 0.80 2
1.02 0.68 2
0.95 0.74 2
0.86 0.70 2
1.10 0.76 2
1.03 0.86 2
1.12 0.82 2
0.91 0.86 2
1.02 0.66 2
0.93 0.77 2
1.13 0.65 2
0.94 0.79 2
0.99 0.78 2
0.97 0.88 2
1.10 0.86 2
1.04 0.82 2
0.90 0.70 2
0.94 0.70 2
0.90 0.54 2
1.05 0.71 2
1.03 0.59 2
0.84 0.84 2
0.81 0.84 2
1.00 0.76 2
1.07 0.71 2
1.02 0.76 2
0.85 0.91 2
0.84 0.88 2
1.09 0.71 2
0.99 0.77 2
0.96 0.64 2
1.13 0.79 2
0.92 0.82 2
1.01 0.84 2
1.04 0.60 2
1.08 0.80 2
0.91 0.66 2
1.04 0.71 2
1.27 0.83 2
0.85 0.78 2
1.04 0.73 2
0.98 0.81 2
0.92 0.91 2
0.92 0.69 2
1.05 0.61 2
1.23 0.63 2
0.92 0.66 2
1.05 0.68 2
0.94 0.81 2
1.20 0.54 2
1.05 0.77 2
0.99 0.67 2
1.06 0.86 2
1.00 0.66 2
1.11 0.75 2
0.98 0.66 2
0.89 0.68 2
1.02 0.72 2
1.16 0.73 2
0.88 0.70 2
0.98 0.86 2
1.10 0.81 2
0.81 0.94 2
1.06 0.72 2
1.08 0.86 2
1.02 0.54 2
0.92 0.81 2
1.00 0.79 2
1.01 0.71 2
1.09 0.82 2
1.07 0.84 2
0.96 0.85 2
1.16 0.79 2
0.99 0.81 2
0.92 0.68 2
0.96 0.64 2
1.09 0.72 2
1.02 0.77 2
1.09 0.85 2
1.01 0.67 2
1.25 0.70 2
0.83 1.05 2
0.96 0.69 2
0.99 0.94 2
1.01 0.85 2
1.15 0.69 2
1.02 0.74 2
0.99 0.73 2
1.01 0.80 2
1.08 0.89 2
0.93 0.59 2
1.05 0.95 2
0.84 0.83 2
0.99 0.70 2
0.91 0.74 2
0.93 0.78 2
1.03 0.78 2
